219894	0
20144	1
7307	2
60357	3
17165	4
16409	5
7758	6
8358	7
21176	8
8839	9
167078	10
51869	11
213748	12
10740	13
45394	14
232801	15
10177	16
12999	17
21532	18
213739	19
68532	20
15715	21
19670	22
9471	23
14685	24
25371	25
12942	26
10033	27
13477	28
33155	29
214156	30
95817	31
24263	32
239905	33
15067	34
219079	35
54215	36
22230	37
8047	38
200212	39
12196	40
15836	41
46887	42
216737	43
141135	44
18217	45
60598	46
70447	47
21597	48
87678	49
11423	50
19368	51
18359	52
8757	53
65924	54
57148	55
18019	56
13517	57
76042	58
9926	59
84429	60
8265	61
242439	62
12701	63
14693	64
76129	65
87979	66
235924	67
6865	68
20858	69
14319	70
17848	71
142481	72
12426	73
24445	74
90544	75
14431	76
70828	77
232352	78
7415	79
70163	80
8919	81
229156	82
16700	83
52047	84
24274	85
112818	86
18443	87
16853	88
26472	89
61024	90
18448	91
12177	92
173309	93
12027	94
26583	95
51535	96
21126	97
17351	98
222582	99
74350	100
24843	101
8994	102
21014	103
127491	104
8333	105
8665	106
139603	107
8465	108
217051	109
219005	110
40180	111
14976	112
24264	113
7402	114
46395	115
8694	116
70624	117
38167	118
28362	119
8853	120
22291	121
8532	122
80507	123
14943	124
14830	125
7612	126
18535	127
25708	128
11864	129
9838	130
19108	131
12072	132
26871	133
13023	134
68028	135
235663	136
17991	137
13333	138
50233	139
13075	140
8847	141
6698	142
8430	143
26301	144
12151	145
9368	146
15601	147
12106	148
12409	149
9998	150
7565	151
13502	152
13829	153
20225	154
8597	155
17227	156
15120	157
78299	158
52112	159
12275	160
7652	161
176132	162
214672	163
8445	164
22298	165
14373	166
16304	167
25030	168
16570	169
13010	170
11805	171
71494	172
130358	173
31144	174
87198	175
25441	176
14307	177
56927	178
141114	179
13041	180
85636	181
54614	182
20415	183
13717	184
14595	185
8493	186
216095	187
16129	188
10402	189
11386	190
14276	191
72832	192
12181	193
12142	194
25037	195
34746	196
159058	197
50644	198
23567	199
50050	200
25068	201
25798	202
13121	203
14704	204
57790	205
8640	206
16573	207
41206	208
25736	209
233555	210
19306	211
15184	212
21187	213
16281	214
78015	215
20831	216
188706	217
43475	218
23974	219
195942	220
73910	221
9999	222
16098	223
13863	224
89710	225
62686	226
8758	227
10813	228
15399	229
25633	230
25112	231
14580	232
14545	233
8669	234
18069	235
6984	236
13076	237
235997	238
10497	239
18906	240
8019	241
6776	242
25300	243
15150	244
239230	245
18255	246
25832	247
13187	248
85196	249
223216	250
10573	251
77931	252
71424	253
21398	254
11286	255
22810	256
19079	257
45784	258
34363	259
13218	260
17837	261
86230	262
241001	263
25128	264
45957	265
17926	266
9540	267
17635	268
151689	269
83549	270
25639	271
69411	272
8933	273
9860	274
223042	275
13567	276
20045	277
11341	278
9111	279
166991	280
8887	281
22490	282
8281	283
13941	284
7197	285
125552	286
35440	287
17219	288
23439	289
17652	290
17456	291
19402	292
10642	293
90105	294
87170	295
24202	296
14469	297
76283	298
8745	299
21685	300
74169	301
10181	302
55872	303
20605	304
172066	305
6821	306
72143	307
26382	308
8761	309
8388	310
10646	311
245394	312
55151	313
20128	314
81108	315
13378	316
23431	317
29112	318
82659	319
8817	320
14278	321
213266	322
8236	323
7736	324
25787	325
11854	326
16066	327
15559	328
15650	329
12009	330
7216	331
221271	332
9311	333
24986	334
52501	335
14021	336
75975	337
24740	338
21412	339
25732	340
35989	341
35151	342
169789	343
58211	344
16881	345
87563	346
10462	347
20462	348
18284	349
165350	350
16967	351
16810	352
94055	353
19291	354
8842	355
22755	356
25312	357
100195	358
23852	359
70343	360
17013	361
228823	362
11723	363
8947	364
109297	365
81506	366
13313	367
13933	368
72114	369
51301	370
49943	371
14592	372
85816	373
35963	374
219818	375
11758	376
66224	377
16047	378
69919	379
17952	380
175989	381
21132	382
17691	383
85452	384
54804	385
16276	386
163781	387
13095	388
10745	389
41236	390
16349	391
20675	392
8384	393
56673	394
12954	395
216081	396
20722	397
26614	398
228356	399
73223	400
15206	401
83793	402
24332	403
13309	404
23771	405
88817	406
56624	407
26602	408
235432	409
165964	410
9959	411
8580	412
12997	413
88500	414
15022	415
7547	416
25363	417
18074	418
73634	419
218863	420
12974	421
21391	422
222607	423
21551	424
36766	425
17054	426
21702	427
12682	428
75861	429
26972	430
46653	431
24033	432
142120	433
7016	434
13883	435
16659	436
19673	437
11798	438
24308	439
45736	440
40545	441
11967	442
213195	443
139012	444
7177	445
13564	446
21694	447
10269	448
10917	449
8379	450
20171	451
25272	452
9377	453
21766	454
23947	455
18781	456
16175	457
133722	458
191787	459
9010	460
8350	461
14169	462
25321	463
10913	464
82486	465
33118	466
12481	467
10432	468
21773	469
239059	470
16756	471
13004	472
21318	473
25345	474
8627	475
25552	476
67656	477
16348	478
143082	479
12799	480
13509	481
89833	482
41116	483
17528	484
16729	485
136476	486
18327	487
20412	488
86274	489
7915	490
16905	491
17006	492
17291	493
27205	494
88354	495
11733	496
10756	497
15516	498
104982	499
42931	500
10549	501
15262	502
22163	503
213608	504
26257	505
215314	506
22220	507
12854	508
171998	509
70890	510
157725	511
44868	512
8676	513
24037	514
19009	515
65288	516
16331	517
49001	518
215795	519
20320	520
55860	521
6784	522
34066	523
14231	524
218068	525
158968	526
49616	527
25502	528
23159	529
17252	530
9861	531
13045	532
23337	533
24976	534
12077	535
16207	536
245870	537
16091	538
59671	539
100606	540
215699	541
21261	542
176770	543
7255	544
69538	545
10211	546
22691	547
26616	548
7620	549
55584	550
24209	551
22544	552
53075	553
166583	554
214182	555
24598	556
9745	557
12398	558
24892	559
23056	560
17775	561
9804	562
32124	563
27191	564
59183	565
15295	566
6900	567
9857	568
18357	569
214030	570
12935	571
12988	572
30522	573
77685	574
80969	575
15738	576
14132	577
75086	578
214374	579
20684	580
44816	581
17515	582
86229	583
67398	584
8072	585
24087	586
24082	587
8268	588
16354	589
104493	590
232705	591
210084	592
162830	593
11757	594
34911	595
166140	596
20744	597
8938	598
90044	599
8446	600
229255	601
47569	602
16740	603
8652	604
220854	605
9231	606
99219	607
14608	608
14400	609
24378	610
14228	611
105873	612
67789	613
22678	614
20611	615
16189	616
9331	617
14252	618
25887	619
107087	620
36996	621
21105	622
8565	623
17500	624
17422	625
8941	626
25203	627
23766	628
10687	629
8647	630
25445	631
14285	632
13116	633
93290	634
146035	635
16760	636
78741	637
80388	638
13443	639
12720	640
26609	641
18085	642
13291	643
45954	644
16414	645
10991	646
19644	647
11171	648
22955	649
26317	650
17753	651
212429	652
15034	653
25303	654
10294	655
86409	656
17137	657
14967	658
139236	659
89539	660
15356	661
25362	662
12123	663
8503	664
15021	665
133856	666
11520	667
241774	668
26159	669
15142	670
22538	671
19611	672
10074	673
17646	674
20096	675
26018	676
10119	677
215138	678
230658	679
47247	680
25506	681
23314	682
35753	683
14690	684
19897	685
20995	686
12604	687
14803	688
22968	689
25874	690
55605	691
13087	692
24532	693
11306	694
8658	695
12816	696
18440	697
21838	698
18451	699
11904	700
77351	701
57832	702
93666	703
162807	704
28015	705
82817	706
42968	707
23979	708
16293	709
8805	710
150170	711
79639	712
25155	713
48036	714
14961	715
23547	716
240331	717
58921	718
9538	719
9454	720
228224	721
59661	722
23787	723
89261	724
75453	725
141678	726
16607	727
13483	728
72567	729
14148	730
12347	731
14927	732
7546	733
141833	734
7985	735
21753	736
24059	737
87438	738
176367	739
16956	740
17132	741
18789	742
14701	743
10949	744
14651	745
16427	746
51283	747
55207	748
24002	749
49014	750
18397	751
169593	752
214651	753
15051	754
178993	755
23762	756
23702	757
22422	758
11352	759
15265	760
84882	761
8965	762
40399	763
15171	764
40450	765
42067	766
78525	767
12448	768
20701	769
29798	770
25728	771
69635	772
26637	773
23564	774
20999	775
24685	776
60708	777
39748	778
13079	779
19960	780
8951	781
11973	782
93807	783
212112	784
6788	785
14157	786
38818	787
220779	788
14224	789
216899	790
14253	791
25432	792
8619	793
42027	794
230941	795
85905	796
20680	797
62423	798
8963	799
19963	800
10118	801
35878	802
21429	803
213268	804
10757	805
26460	806
71722	807
14291	808
13930	809
10416	810
222972	811
26738	812
16226	813
65203	814
53195	815
12377	816
143315	817
87778	818
18318	819
57808	820
29460	821
53715	822
16845	823
14024	824
48156	825
47822	826
19165	827
74037	828
72267	829
9773	830
44491	831
8533	832
70463	833
143619	834
69826	835
65354	836
47525	837
245774	838
85127	839
26246	840
26672	841
22728	842
13978	843
169652	844
25590	845
8584	846
88370	847
24035	848
23596	849
38553	850
8626	851
71251	852
16932	853
8091	854
11815	855
16035	856
9979	857
15136	858
10091	859
209691	860
11786	861
23336	862
9247	863
20669	864
14144	865
66277	866
74694	867
12798	868
16690	869
19908	870
24272	871
46822	872
26626	873
25694	874
13595	875
16872	876
126942	877
15917	878
132959	879
31087	880
32133	881
68348	882
76594	883
24145	884
79313	885
12412	886
20446	887
81396	888
52371	889
13345	890
10618	891
14676	892
14316	893
56391	894
25556	895
15947	896
25038	897
142170	898
161916	899
151094	900
14295	901
13426	902
20916	903
132127	904
203951	905
38028	906
21325	907
17702	908
7875	909
219674	910
213211	911
16239	912
15995	913
20082	914
23221	915
73751	916
15720	917
14382	918
57002	919
95577	920
233170	921
87279	922
86428	923
8509	924
23312	925
74345	926
137414	927
23600	928
15820	929
24833	930
15375	931
25647	932
25436	933
24738	934
7284	935
76373	936
69792	937
199255	938
88228	939
239848	940
21712	941
15294	942
22991	943
12036	944
35200	945
24498	946
16383	947
86283	948
22644	949
201910	950
16080	951
11892	952
213661	953
25517	954
8499	955
25417	956
25407	957
151529	958
7994	959
228920	960
95232	961
13199	962
6772	963
165261	964
19193	965
11517	966
22302	967
180876	968
13742	969
19770	970
98442	971
69410	972
12996	973
16122	974
14318	975
89590	976
85881	977
18249	978
17550	979
13384	980
235265	981
51226	982
8235	983
151687	984
6725	985
202463	986
14600	987
63113	988
19496	989
50726	990
8221	991
25291	992
164888	993
18445	994
23265	995
150835	996
12298	997
160595	998
25789	999
15340	1000
7385	1001
46029	1002
60022	1003
12765	1004
9253	1005
214572	1006
12254	1007
25080	1008
92462	1009
222638	1010
8628	1011
49347	1012
14156	1013
231254	1014
154784	1015
9250	1016
11646	1017
234013	1018
11165	1019
21120	1020
15368	1021
45515	1022
25677	1023
74654	1024
7763	1025
21579	1026
6992	1027
8849	1028
71003	1029
25059	1030
13838	1031
16416	1032
8720	1033
14719	1034
217858	1035
34613	1036
230690	1037
24162	1038
49383	1039
214922	1040
233312	1041
7340	1042
151940	1043
76137	1044
77515	1045
232869	1046
91769	1047
23404	1048
15585	1049
64816	1050
72335	1051
50341	1052
9039	1053
24952	1054
10477	1055
23847	1056
8101	1057
27070	1058
25418	1059
12992	1060
20423	1061
9353	1062
28071	1063
16820	1064
83087	1065
11894	1066
22924	1067
12859	1068
11808	1069
14451	1070
17379	1071
9661	1072
25960	1073
14281	1074
8922	1075
8991	1076
47651	1077
80525	1078
16566	1079
87559	1080
90041	1081
11376	1082
231344	1083
68679	1084
17511	1085
24196	1086
69471	1087
70112	1088
12918	1089
22137	1090
85107	1091
86925	1092
15372	1093
23751	1094
21041	1095
10804	1096
15880	1097
17047	1098
44742	1099
199476	1100
22927	1101
9037	1102
18411	1103
18874	1104
125658	1105
8088	1106
25573	1107
83296	1108
43334	1109
79136	1110
21205	1111
14041	1112
7380	1113
18982	1114
16259	1115
15656	1116
145231	1117
155551	1118
25563	1119
33647	1120
20977	1121
17760	1122
216197	1123
23846	1124
23039	1125
13019	1126
24191	1127
86390	1128
9589	1129
72815	1130
50579	1131
231939	1132
22670	1133
174658	1134
58868	1135
18140	1136
6806	1137
74915	1138
11693	1139
223382	1140
21174	1141
53465	1142
232326	1143
23441	1144
31539	1145
7589	1146
169583	1147
9903	1148
22376	1149
11382	1150
185194	1151
8209	1152
11729	1153
14543	1154
33129	1155
29704	1156
231248	1157
232554	1158
72869	1159
14944	1160
7878	1161
15114	1162
10025	1163
12766	1164
8459	1165
8776	1166
17136	1167
80735	1168
100182	1169
213109	1170
15226	1171
145226	1172
9027	1173
11587	1174
14153	1175
11309	1176
228225	1177
20242	1178
24240	1179
38060	1180
60469	1181
17141	1182
54850	1183
8095	1184
72133	1185
217268	1186
59866	1187
7441	1188
60347	1189
26297	1190
176823	1191
18352	1192
75468	1193
34825	1194
148864	1195
214553	1196
13393	1197
14495	1198
75222	1199
10141	1200
35756	1201
20771	1202
98737	1203
73090	1204
26740	1205
25766	1206
7781	1207
68246	1208
21659	1209
38094	1210
22246	1211
21830	1212
21672	1213
14679	1214
23938	1215
199386	1216
12054	1217
15869	1218
10661	1219
76101	1220
11504	1221
14694	1222
8693	1223
214696	1224
201934	1225
17488	1226
22256	1227
239824	1228
20820	1229
47022	1230
78454	1231
14692	1232
23182	1233
14675	1234
17897	1235
84590	1236
23874	1237
215979	1238
19304	1239
22724	1240
42586	1241
15094	1242
12169	1243
158899	1244
91605	1245
8029	1246
16115	1247
16665	1248
19218	1249
229087	1250
75811	1251
30693	1252
21699	1253
7304	1254
19215	1255
139944	1256
8678	1257
114417	1258
6947	1259
16797	1260
141169	1261
19529	1262
8895	1263
53729	1264
8653	1265
47527	1266
7515	1267
71193	1268
11689	1269
236447	1270
9889	1271
20746	1272
50816	1273
6998	1274
186378	1275
12284	1276
142074	1277
238374	1278
24790	1279
161505	1280
20593	1281
53514	1282
233087	1283
24943	1284
20114	1285
8708	1286
16220	1287
21035	1288
15361	1289
15620	1290
7700	1291
80878	1292
87013	1293
9855	1294
20216	1295
7866	1296
75947	1297
150306	1298
11058	1299
15138	1300
238840	1301
7998	1302
18286	1303
7479	1304
257832	1305
18841	1306
17541	1307
19232	1308
14445	1309
71183	1310
14826	1311
14081	1312
14556	1313
86373	1314
24052	1315
14140	1316
20895	1317
25690	1318
26703	1319
20704	1320
10338	1321
10047	1322
13751	1323
228796	1324
9859	1325
98579	1326
9320	1327
16598	1328
24090	1329
8811	1330
13566	1331
24883	1332
36487	1333
83537	1334
12858	1335
8975	1336
10739	1337
23384	1338
91499	1339
25289	1340
22158	1341
49735	1342
25160	1343
12340	1344
11692	1345
43641	1346
20963	1347
14341	1348
68560	1349
83844	1350
109777	1351
47407	1352
23652	1353
9852	1354
53733	1355
25667	1356
61727	1357
15436	1358
97389	1359
25642	1360
12745	1361
18101	1362
229369	1363
26819	1364
152120	1365
26700	1366
14562	1367
25091	1368
18417	1369
133846	1370
222869	1371
181039	1372
216330	1373
14978	1374
215033	1375
9508	1376
7713	1377
68461	1378
14831	1379
9870	1380
103674	1381
24733	1382
56946	1383
8546	1384
16217	1385
10011	1386
8878	1387
15093	1388
217125	1389
82503	1390
12771	1391
14793	1392
49591	1393
14372	1394
132853	1395
168959	1396
22746	1397
13948	1398
14180	1399
27838	1400
61645	1401
19649	1402
11242	1403
17345	1404
84774	1405
13714	1406
13464	1407
17481	1408
10776	1409
20482	1410
12155	1411
18035	1412
24745	1413
17996	1414
16870	1415
19118	1416
19856	1417
140555	1418
90321	1419
229948	1420
72776	1421
24921	1422
8483	1423
14481	1424
9451	1425
21080	1426
230649	1427
233729	1428
13062	1429
24356	1430
86348	1431
65155	1432
22847	1433
18232	1434
56803	1435
231345	1436
14588	1437
8734	1438
20852	1439
14162	1440
9920	1441
26019	1442
22142	1443
14606	1444
17319	1445
222583	1446
15028	1447
14286	1448
22694	1449
174755	1450
7864	1451
22970	1452
80743	1453
14415	1454
72573	1455
18308	1456
7322	1457
83565	1458
16731	1459
25692	1460
43719	1461
86514	1462
214667	1463
22681	1464
17289	1465
24169	1466
12643	1467
74077	1468
17377	1469
11098	1470
228450	1471
54030	1472
13160	1473
8934	1474
23602	1475
27028	1476
20479	1477
221069	1478
223602	1479
18324	1480
75637	1481
8932	1482
217000	1483
220816	1484
81441	1485
39583	1486
8950	1487
26661	1488
76935	1489
50096	1490
188444	1491
26206	1492
130923	1493
13913	1494
14668	1495
9590	1496
18040	1497
14732	1498
242304	1499
215601	1500
8712	1501
10192	1502
11951	1503
89199	1504
151611	1505
217280	1506
216943	1507
79312	1508
27228	1509
25216	1510
7883	1511
17303	1512
19895	1513
14321	1514
25890	1515
89645	1516
12960	1517
50331	1518
9892	1519
139262	1520
13113	1521
229063	1522
58997	1523
7987	1524
84270	1525
24681	1526
24764	1527
23661	1528
7399	1529
36829	1530
16329	1531
234150	1532
23105	1533
56257	1534
167331	1535
17804	1536
19389	1537
22988	1538
87079	1539
64787	1540
10233	1541
44410	1542
24160	1543
212706	1544
18093	1545
8974	1546
24242	1547
239248	1548
8650	1549
70785	1550
15168	1551
25930	1552
6709	1553
17658	1554
14714	1555
81148	1556
82816	1557
22379	1558
50836	1559
78526	1560
9246	1561
14487	1562
222784	1563
139510	1564
8820	1565
9666	1566
86096	1567
73757	1568
24621	1569
34126	1570
12482	1571
22440	1572
229222	1573
204478	1574
131107	1575
9840	1576
15302	1577
214921	1578
21780	1579
234084	1580
88278	1581
158753	1582
22521	1583
44715	1584
20451	1585
22231	1586
10854	1587
71808	1588
19766	1589
10015	1590
18544	1591
22322	1592
21679	1593
134483	1594
13893	1595
71221	1596
168042	1597
214046	1598
73047	1599
166638	1600
232565	1601
13238	1602
9330	1603
208878	1604
68868	1605
143865	1606
16963	1607
7506	1608
24285	1609
8700	1610
14514	1611
16727	1612
61341	1613
34137	1614
7288	1615
10552	1616
12998	1617
184362	1618
25741	1619
13096	1620
8696	1621
81525	1622
40856	1623
217152	1624
50658	1625
164473	1626
83500	1627
104806	1628
26463	1629
161701	1630
79255	1631
165418	1632
106030	1633
26016	1634
214176	1635
12062	1636
15964	1637
15058	1638
12906	1639
216087	1640
8541	1641
12651	1642
13925	1643
14411	1644
15857	1645
219768	1646
12994	1647
17618	1648
16664	1649
232134	1650
11914	1651
38107	1652
157940	1653
21061	1654
19037	1655
200877	1656
13446	1657
12950	1658
104789	1659
213636	1660
19928	1661
154851	1662
137428	1663
16723	1664
76980	1665
216391	1666
20159	1667
22753	1668
53763	1669
49560	1670
35255	1671
14670	1672
26632	1673
14950	1674
7722	1675
16520	1676
75290	1677
20120	1678
25151	1679
234941	1680
93308	1681
219753	1682
216395	1683
11641	1684
89321	1685
18980	1686
176459	1687
73843	1688
11481	1689
238133	1690
213706	1691
59111	1692
188601	1693
80773	1694
16332	1695
12775	1696
6732	1697
165649	1698
15679	1699
12225	1700
23915	1701
169305	1702
11497	1703
22618	1704
223597	1705
12333	1706
20859	1707
10070	1708
14930	1709
13161	1710
31072	1711
32615	1712
11214	1713
205110	1714
17668	1715
18234	1716
10684	1717
21005	1718
222746	1719
18775	1720
22729	1721
15756	1722
77744	1723
12718	1724
219331	1725
84745	1726
15913	1727
23935	1728
9901	1729
77747	1730
81956	1731
188473	1732
18423	1733
31096	1734
14510	1735
20516	1736
24314	1737
89993	1738
201964	1739
80744	1740
51372	1741
103767	1742
101955	1743
228340	1744
22653	1745
215576	1746
128554	1747
10400	1748
11378	1749
18307	1750
86813	1751
157855	1752
229372	1753
161230	1754
21441	1755
153205	1756
168936	1757
218179	1758
85256	1759
23075	1760
7968	1761
16198	1762
83235	1763
74224	1764
16139	1765
9482	1766
9516	1767
19912	1768
8755	1769
23167	1770
256793	1771
19921	1772
72715	1773
19345	1774
82958	1775
22943	1776
74824	1777
82693	1778
58642	1779
80827	1780
189222	1781
13343	1782
17981	1783
44989	1784
16754	1785
142972	1786
19124	1787
77408	1788
10056	1789
18246	1790
19812	1791
31064	1792
26069	1793
81283	1794
51147	1795
26067	1796
52461	1797
220271	1798
20851	1799
50459	1800
8458	1801
211127	1802
14922	1803
83903	1804
21130	1805
15362	1806
237613	1807
68978	1808
13456	1809
15841	1810
23822	1811
31847	1812
218794	1813
14187	1814
16685	1815
6989	1816
16360	1817
13897	1818
48788	1819
93015	1820
229324	1821
21587	1822
7958	1823
13156	1824
15784	1825
23914	1826
9329	1827
223499	1828
16884	1829
90314	1830
60564	1831
45386	1832
14820	1833
69552	1834
44470	1835
18993	1836
212397	1837
39455	1838
11710	1839
7632	1840
7757	1841
22203	1842
8723	1843
15427	1844
24896	1845
42144	1846
9764	1847
49152	1848
68864	1849
8673	1850
22942	1851
25490	1852
47586	1853
23692	1854
50936	1855
24559	1856
47575	1857
156544	1858
213505	1859
7717	1860
12102	1861
202755	1862
71817	1863
112262	1864
25064	1865
11672	1866
18156	1867
11752	1868
45907	1869
88344	1870
36992	1871
44904	1872
40573	1873
17122	1874
14146	1875
170382	1876
16142	1877
220164	1878
239277	1879
36912	1880
10638	1881
220399	1882
14421	1883
65892	1884
25249	1885
20697	1886
24705	1887
25333	1888
10491	1889
186891	1890
12625	1891
219109	1892
27188	1893
217181	1894
11764	1895
11063	1896
9965	1897
71378	1898
19132	1899
188661	1900
81135	1901
24664	1902
21189	1903
158518	1904
15089	1905
203178	1906
16254	1907
213045	1908
8823	1909
14746	1910
23094	1911
72929	1912
52734	1913
155996	1914
24704	1915
46512	1916
228633	1917
141046	1918
142149	1919
108455	1920
220414	1921
16960	1922
76301	1923
41564	1924
47657	1925
80984	1926
19279	1927
12810	1928
222658	1929
7609	1930
94031	1931
17971	1932
11878	1933
16773	1934
31833	1935
45771	1936
8547	1937
211165	1938
42585	1939
7238	1940
86738	1941
14258	1942
16378	1943
42774	1944
19489	1945
158711	1946
153606	1947
25146	1948
7350	1949
8496	1950
75135	1951
11292	1952
237984	1953
23570	1954
23948	1955
12733	1956
159254	1957
216902	1958
220125	1959
15121	1960
40155	1961
17339	1962
25550	1963
25489	1964
12410	1965
25174	1966
9960	1967
25209	1968
169870	1969
17782	1970
18983	1971
19481	1972
13246	1973
9387	1974
14751	1975
19719	1976
20265	1977
60096	1978
43941	1979
233010	1980
215058	1981
89033	1982
9362	1983
9763	1984
72631	1985
179358	1986
72951	1987
12111	1988
45611	1989
73686	1990
9875	1991
58329	1992
11310	1993
24345	1994
13768	1995
26015	1996
199581	1997
55091	1998
26197	1999
8191	2000
69623	2001
15802	2002
15439	2003
14350	2004
231230	2005
230557	2006
14713	2007
37689	2008
14151	2009
24301	2010
85935	2011
19687	2012
22592	2013
87496	2014
17534	2015
214771	2016
34318	2017
12343	2018
13901	2019
72064	2020
10360	2021
97058	2022
9069	2023
24832	2024
218713	2025
14120	2026
212346	2027
229508	2028
222872	2029
143008	2030
11569	2031
34367	2032
7528	2033
21294	2034
24789	2035
70702	2036
7995	2037
11259	2038
16212	2039
93157	2040
8249	2041
177781	2042
260014	2043
24793	2044
9947	2045
8592	2046
21651	2047
202389	2048
238020	2049
17069	2050
14731	2051
28011	2052
15141	2053
13422	2054
245985	2055
8149	2056
8819	2057
15987	2058
229071	2059
46136	2060
27132	2061
200135	2062
22196	2063
25505	2064
56999	2065
92584	2066
88185	2067
18937	2068
10222	2069
9376	2070
26975	2071
12706	2072
8030	2073
24700	2074
37677	2075
95215	2076
7438	2077
87272	2078
223050	2079
19469	2080
25808	2081
25751	2082
24001	2083
16433	2084
173016	2085
27131	2086
8251	2087
12732	2088
80650	2089
47606	2090
16800	2091
236793	2092
90500	2093
47125	2094
89452	2095
232586	2096
22305	2097
14472	2098
24634	2099
18835	2100
55951	2101
186699	2102
8854	2103
50026	2104
9943	2105
42704	2106
19017	2107
229730	2108
7495	2109
23929	2110
86220	2111
241564	2112
128579	2113
14335	2114
220511	2115
25842	2116
16703	2117
16010	2118
19343	2119
16073	2120
8683	2121
213068	2122
24401	2123
195083	2124
10654	2125
213668	2126
25258	2127
233483	2128
15311	2129
51539	2130
59591	2131
231381	2132
11331	2133
24348	2134
69656	2135
215012	2136
23900	2137
87873	2138
72955	2139
217092	2140
217887	2141
12538	2142
18182	2143
16126	2144
23689	2145
89268	2146
229566	2147
46462	2148
8089	2149
52804	2150
10197	2151
73166	2152
215014	2153
25139	2154
15779	2155
59188	2156
19582	2157
86602	2158
16663	2159
16818	2160
72416	2161
17980	2162
17568	2163
24698	2164
7259	2165
69993	2166
45397	2167
81038	2168
7969	2169
36621	2170
83414	2171
9910	2172
25231	2173
111368	2174
80694	2175
26331	2176
8293	2177
82439	2178
93259	2179
21004	2180
12971	2181
10232	2182
19866	2183
149799	2184
213573	2185
14526	2186
61704	2187
151153	2188
22513	2189
14185	2190
25065	2191
137740	2192
220943	2193
55498	2194
13410	2195
36931	2196
25999	2197
16123	2198
103144	2199
23046	2200
12780	2201
7349	2202
142306	2203
23859	2204
13757	2205
18149	2206
48873	2207
25908	2208
19130	2209
149360	2210
139722	2211
88108	2212
219874	2213
8978	2214
56140	2215
151618	2216
11950	2217
20803	2218
52549	2219
233397	2220
218089	2221
10595	2222
46930	2223
214820	2224
77522	2225
7003	2226
12392	2227
68382	2228
27491	2229
72068	2230
168018	2231
24595	2232
35892	2233
74967	2234
23709	2235
56352	2236
13334	2237
18795	2238
23996	2239
13896	2240
217890	2241
16545	2242
7714	2243
13307	2244
216048	2245
11835	2246
11272	2247
219919	2248
8949	2249
8184	2250
74591	2251
84137	2252
188390	2253
85337	2254
214054	2255
89318	2256
70433	2257
215436	2258
15164	2259
30575	2260
90285	2261
9887	2262
231033	2263
47821	2264
14497	2265
75108	2266
55415	2267
25273	2268
8025	2269
84718	2270
10539	2271
10555	2272
84205	2273
20964	2274
165708	2275
51997	2276
23964	2277
11355	2278
9546	2279
240392	2280
85166	2281
92634	2282
13837	2283
8559	2284
24127	2285
16531	2286
15048	2287
24786	2288
17790	2289
228300	2290
12856	2291
13886	2292
222931	2293
136604	2294
8484	2295
228048	2296
25831	2297
25150	2298
16110	2299
188567	2300
12441	2301
21484	2302
233903	2303
142892	2304
189930	2305
219845	2306
212496	2307
22136	2308
25522	2309
230767	2310
11563	2311
8655	2312
45044	2313
12976	2314
25711	2315
215565	2316
23260	2317
20793	2318
8225	2319
87860	2320
14270	2321
21122	2322
32148	2323
13754	2324
191275	2325
246243	2326
13185	2327
8667	2328
12721	2329
76004	2330
16602	2331
13107	2332
76984	2333
234397	2334
18038	2335
55072	2336
15037	2337
238172	2338
15618	2339
7272	2340
230995	2341
138002	2342
14248	2343
19850	2344
18497	2345
230283	2346
10388	2347
14753	2348
15528	2349
31147	2350
61791	2351
19213	2352
25867	2353
46704	2354
15161	2355
229992	2356
25986	2357
7682	2358
24494	2359
11299	2360
16027	2361
15149	2362
13346	2363
222063	2364
7460	2365
19848	2366
231030	2367
16976	2368
8687	2369
127167	2370
18070	2371
13885	2372
16173	2373
38351	2374
8457	2375
22584	2376
156962	2377
23841	2378
26924	2379
22282	2380
37906	2381
76416	2382
7375	2383
7926	2384
17487	2385
42155	2386
23921	2387
73975	2388
7703	2389
47717	2390
16781	2391
8145	2392
215231	2393
8536	2394
176269	2395
14196	2396
43946	2397
73350	2398
166167	2399
14902	2400
26647	2401
12316	2402
24403	2403
77927	2404
254567	2405
222594	2406
149975	2407
15410	2408
186691	2409
20476	2410
25309	2411
77155	2412
86991	2413
215358	2414
79664	2415
49785	2416
9617	2417
76992	2418
21262	2419
19330	2420
10084	2421
75479	2422
78528	2423
73378	2424
223355	2425
24238	2426
83223	2427
54196	2428
182784	2429
85757	2430
152270	2431
108375	2432
86896	2433
25061	2434
110061	2435
14870	2436
7475	2437
14654	2438
17117	2439
26542	2440
24141	2441
212759	2442
81276	2443
73594	2444
17335	2445
85482	2446
16380	2447
7766	2448
11009	2449
129389	2450
46815	2451
23830	2452
187822	2453
140407	2454
24380	2455
17192	2456
184838	2457
52489	2458
176581	2459
24865	2460
222512	2461
10434	2462
21314	2463
49124	2464
151451	2465
76763	2466
217266	2467
59635	2468
19966	2469
15006	2470
79469	2471
49131	2472
18298	2473
8654	2474
26706	2475
13282	2476
75332	2477
9554	2478
23070	2479
62124	2480
11800	2481
20920	2482
38828	2483
15259	2484
34523	2485
256786	2486
11361	2487
8301	2488
15549	2489
16150	2490
64678	2491
178745	2492
11625	2493
22827	2494
21788	2495
53655	2496
35781	2497
10060	2498
239270	2499
58634	2500
14106	2501
9191	2502
13884	2503
16940	2504
24807	2505
32634	2506
17242	2507
147395	2508
229028	2509
20535	2510
16379	2511
12696	2512
15347	2513
18003	2514
14631	2515
181040	2516
10685	2517
12680	2518
8880	2519
9092	2520
13675	2521
17999	2522
14626	2523
18454	2524
87421	2525
20192	2526
92433	2527
140588	2528
242415	2529
24266	2530
19254	2531
20287	2532
136264	2533
13085	2534
81565	2535
238589	2536
7409	2537
10772	2538
17127	2539
24731	2540
12166	2541
8469	2542
97710	2543
84214	2544
49494	2545
83814	2546
55059	2547
17876	2548
160444	2549
12287	2550
219847	2551
12782	2552
53623	2553
155971	2554
10130	2555
19177	2556
14182	2557
31739	2558
150317	2559
13306	2560
88698	2561
180764	2562
143467	2563
141399	2564
18328	2565
25406	2566
9941	2567
16086	2568
203170	2569
68436	2570
15257	2571
230680	2572
14817	2573
23202	2574
24642	2575
53110	2576
32220	2577
17628	2578
6869	2579
66310	2580
9336	2581
50030	2582
19501	2583
214906	2584
10884	2585
245920	2586
23880	2587
50042	2588
14859	2589
171660	2590
14656	2591
8689	2592
55307	2593
231644	2594
177695	2595
7502	2596
203013	2597
18807	2598
91810	2599
241038	2600
16556	2601
143255	2602
15710	2603
202375	2604
14200	2605
33950	2606
9441	2607
216821	2608
46648	2609
11998	2610
41893	2611
21555	2612
213758	2613
22840	2614
76043	2615
26244	2616
33676	2617
130909	2618
219936	2619
231523	2620
21569	2621
220345	2622
87075	2623
87848	2624
230870	2625
148765	2626
13089	2627
215944	2628
23760	2629
8048	2630
15020	2631
18348	2632
11991	2633
24392	2634
9184	2635
24659	2636
26342	2637
140930	2638
95294	2639
91736	2640
221162	2641
17904	2642
16567	2643
47599	2644
24507	2645
7318	2646
8403	2647
16345	2648
31845	2649
146374	2650
19880	2651
38276	2652
142702	2653
105046	2654
219164	2655
23181	2656
73219	2657
14403	2658
11969	2659
14089	2660
223428	2661
63299	2662
230910	2663
147265	2664
222013	2665
16725	2666
67137	2667
174864	2668
12690	2669
23420	2670
22224	2671
215320	2672
24239	2673
16146	2674
87173	2675
8067	2676
15085	2677
20260	2678
24176	2679
22331	2680
20472	2681
206441	2682
12126	2683
25075	2684
10985	2685
60492	2686
8873	2687
21403	2688
162438	2689
20336	2690
216190	2691
79117	2692
8043	2693
14532	2694
47596	2695
8148	2696
147378	2697
232757	2698
145920	2699
54702	2700
25307	2701
85644	2702
65671	2703
84065	2704
7918	2705
22890	2706
77154	2707
16611	2708
23951	2709
29450	2710
83097	2711
10377	2712
183835	2713
12837	2714
23236	2715
51824	2716
17960	2717
18537	2718
10431	2719
11116	2720
14282	2721
221061	2722
16439	2723
7277	2724
25607	2725
17794	2726
244309	2727
10769	2728
11906	2729
14419	2730
19353	2731
60480	2732
139276	2733
89397	2734
11747	2735
8840	2736
17179	2737
125870	2738
18114	2739
220262	2740
211166	2741
41092	2742
19273	2743
11446	2744
187812	2745
83439	2746
21503	2747
166426	2748
69879	2749
25559	2750
10064	2751
232096	2752
125867	2753
53314	2754
17263	2755
17323	2756
8241	2757
9850	2758
11372	2759
9202	2760
86957	2761
212511	2762
19023	2763
88438	2764
14799	2765
83643	2766
54680	2767
10217	2768
87567	2769
218474	2770
68473	2771
19834	2772
12012	2773
9869	2774
17025	2775
220347	2776
16505	2777
86721	2778
15230	2779
145843	2780
9816	2781
12872	2782
13756	2783
12947	2784
15795	2785
23967	2786
12990	2787
12053	2788
162397	2789
222241	2790
15565	2791
27209	2792
22285	2793
7215	2794
16048	2795
180107	2796
17539	2797
220467	2798
14045	2799
7997	2800
8201	2801
16683	2802
182107	2803
9436	2804
217087	2805
16099	2806
24643	2807
214068	2808
231871	2809
93168	2810
18872	2811
26642	2812
71145	2813
100690	2814
14088	2815
16144	2816
14464	2817
17861	2818
233948	2819
136841	2820
229949	2821
10261	2822
24779	2823
232742	2824
77430	2825
21649	2826
8845	2827
168192	2828
213610	2829
13203	2830
82813	2831
23713	2832
24139	2833
7668	2834
12754	2835
79655	2836
18438	2837
23783	2838
132703	2839
235653	2840
102585	2841
13157	2842
21647	2843
22944	2844
87156	2845
36110	2846
47015	2847
9249	2848
36079	2849
203220	2850
22787	2851
27114	2852
10881	2853
215678	2854
178778	2855
87434	2856
89717	2857
168984	2858
215224	2859
76556	2860
152076	2861
19636	2862
232735	2863
26136	2864
147633	2865
232429	2866
89707	2867
26846	2868
32632	2869
49534	2870
22969	2871
161436	2872
23983	2873
24791	2874
72696	2875
91711	2876
8768	2877
16779	2878
78554	2879
13965	2880
7749	2881
8551	2882
258377	2883
142113	2884
70925	2885
231532	2886
65792	2887
240708	2888
150141	2889
177497	2890
78117	2891
213558	2892
154321	2893
27190	2894
24182	2895
15370	2896
18778	2897
16529	2898
7410	2899
8486	2900
77936	2901
214966	2902
30822	2903
89057	2904
151749	2905
56136	2906
15221	2907
86642	2908
24443	2909
11424	2910
128580	2911
11802	2912
232606	2913
16907	2914
241067	2915
82892	2916
9188	2917
26349	2918
229517	2919
7041	2920
7019	2921
17729	2922
10790	2923
9058	2924
143649	2925
72487	2926
244371	2927
65759	2928
19338	2929
8710	2930
197681	2931
12214	2932
18402	2933
11913	2934
212632	2935
20988	2936
14877	2937
47612	2938
233348	2939
19919	2940
70935	2941
7719	2942
11145	2943
234667	2944
23923	2945
214579	2946
104903	2947
6730	2948
87228	2949
8774	2950
23175	2951
164205	2952
8767	2953
32483	2954
218826	2955
18803	2956
13035	2957
47397	2958
230857	2959
235226	2960
218072	2961
6980	2962
9962	2963
15642	2964
215101	2965
219891	2966
12529	2967
230181	2968
218542	2969
71557	2970
15560	2971
18403	2972
10966	2973
8976	2974
222930	2975
15648	2976
24734	2977
26001	2978
23764	2979
25939	2980
256908	2981
26104	2982
23328	2983
19607	2984
82954	2985
20708	2986
18830	2987
230535	2988
16341	2989
15077	2990
16641	2991
18238	2992
8395	2993
29575	2994
14688	2995
229623	2996
20896	2997
8613	2998
14349	2999
12235	3000
142948	3001
127890	3002
25370	3003
24080	3004
89853	3005
7667	3006
14439	3007
255695	3008
46330	3009
13212	3010
9990	3011
16018	3012
25916	3013
21728	3014
46372	3015
214159	3016
17855	3017
45361	3018
147205	3019
16179	3020
14809	3021
161601	3022
75993	3023
154114	3024
21739	3025
40322	3026
25136	3027
75001	3028
90348	3029
11289	3030
21220	3031
13287	3032
8516	3033
212863	3034
141783	3035
13450	3036
54787	3037
221132	3038
151724	3039
103971	3040
13033	3041
24119	3042
34892	3043
9316	3044
10115	3045
223415	3046
230737	3047
20503	3048
8549	3049
15049	3050
89855	3051
34638	3052
228293	3053
16465	3054
84389	3055
10753	3056
84981	3057
7358	3058
57544	3059
12289	3060
83576	3061
19863	3062
24075	3063
8714	3064
82748	3065
16215	3066
221294	3067
239836	3068
222610	3069
48932	3070
70802	3071
41490	3072
17610	3073
15641	3074
19792	3075
11887	3076
15750	3077
48464	3078
73034	3079
7392	3080
13288	3081
55191	3082
21561	3083
24944	3084
12382	3085
13167	3086
228363	3087
52299	3088
21326	3089
72134	3090
74580	3091
16599	3092
11770	3093
165059	3094
72488	3095
31399	3096
8560	3097
15068	3098
11354	3099
26085	3100
20540	3101
222636	3102
228845	3103
163596	3104
14948	3105
17573	3106
15739	3107
12034	3108
150550	3109
165963	3110
199701	3111
160197	3112
80929	3113
19954	3114
232057	3115
222653	3116
35842	3117
8564	3118
88465	3119
15725	3120
20256	3121
23696	3122
220495	3123
15807	3124
10159	3125
23571	3126
11839	3127
25572	3128
77144	3129
166823	3130
11441	3131
62892	3132
69633	3133
33092	3134
106221	3135
244458	3136
235846	3137
21692	3138
11976	3139
17061	3140
222039	3141
188346	3142
46307	3143
8501	3144
14798	3145
77527	3146
238606	3147
14289	3148
237061	3149
241398	3150
166992	3151
22471	3152
235295	3153
8598	3154
215388	3155
70285	3156
95383	3157
8139	3158
158698	3159
223190	3160
240752	3161
187924	3162
22748	3163
9034	3164
9019	3165
8577	3166
8798	3167
23778	3168
236703	3169
14170	3170
12681	3171
245880	3172
25425	3173
232286	3174
25334	3175
64845	3176
65250	3177
34159	3178
7793	3179
24558	3180
13292	3181
238203	3182
11577	3183
128644	3184
143886	3185
11364	3186
8620	3187
15134	3188
25657	3189
22919	3190
215476	3191
14864	3192
214056	3193
160348	3194
18500	3195
25184	3196
245186	3197
13811	3198
60308	3199
91700	3200
20498	3201
14323	3202
14629	3203
55180	3204
17421	3205
89447	3206
221898	3207
132785	3208
86888	3209
47439	3210
202656	3211
99241	3212
24083	3213
80542	3214
149474	3215
11384	3216
12804	3217
12092	3218
82923	3219
27011	3220
12546	3221
23268	3222
72777	3223
12413	3224
26827	3225
7927	3226
159939	3227
9005	3228
7869	3229
16765	3230
74788	3231
220104	3232
93109	3233
14450	3234
67206	3235
54615	3236
23748	3237
68002	3238
99044	3239
73761	3240
11726	3241
25817	3242
21230	3243
19060	3244
25651	3245
237054	3246
10754	3247
41719	3248
14119	3249
238693	3250
126398	3251
17935	3252
231176	3253
13639	3254
55394	3255
11262	3256
16593	3257
10702	3258
143362	3259
25016	3260
10508	3261
10301	3262
115765	3263
201921	3264
15395	3265
39537	3266
26498	3267
17605	3268
23322	3269
231229	3270
16948	3271
24823	3272
9888	3273
14866	3274
24720	3275
220892	3276
21518	3277
8255	3278
23562	3279
95506	3280
206916	3281
22857	3282
16761	3283
61568	3284
14518	3285
8434	3286
14387	3287
152212	3288
25536	3289
142382	3290
87531	3291
22851	3292
89805	3293
23605	3294
15542	3295
11418	3296
13398	3297
11626	3298
229247	3299
14911	3300
223337	3301
20752	3302
13988	3303
26535	3304
10670	3305
219667	3306
34913	3307
10354	3308
24290	3309
236311	3310
19396	3311
216161	3312
36994	3313
51294	3314
14354	3315
213230	3316
68309	3317
71555	3318
216782	3319
51051	3320
127565	3321
8888	3322
8611	3323
12963	3324
48121	3325
168814	3326
7279	3327
145409	3328
65303	3329
10530	3330
219693	3331
25177	3332
231855	3333
78530	3334
215302	3335
176097	3336
24096	3337
218791	3338
11818	3339
14188	3340
25311	3341
212688	3342
222707	3343
223101	3344
73684	3345
10390	3346
15348	3347
218804	3348
9623	3349
144291	3350
24897	3351
89088	3352
56122	3353
18513	3354
13831	3355
79520	3356
142966	3357
68806	3358
12581	3359
22170	3360
220546	3361
52547	3362
26890	3363
22901	3364
16382	3365
86374	3366
22647	3367
9655	3368
9025	3369
52620	3370
229964	3371
23148	3372
169856	3373
24585	3374
130619	3375
182298	3376
24018	3377
53586	3378
8223	3379
143081	3380
19813	3381
24622	3382
9405	3383
12080	3384
100335	3385
180905	3386
24168	3387
239964	3388
19946	3389
11420	3390
19494	3391
16478	3392
14206	3393
15800	3394
232273	3395
8937	3396
13335	3397
25594	3398
16237	3399
14853	3400
10219	3401
18876	3402
23406	3403
23170	3404
24736	3405
10751	3406
12100	3407
216114	3408
14424	3409
22637	3410
178551	3411
130979	3412
215830	3413
155375	3414
217899	3415
170503	3416
7807	3417
222356	3418
24072	3419
12129	3420
88086	3421
9772	3422
152227	3423
18844	3424
21572	3425
77307	3426
236609	3427
25901	3428
228872	3429
241792	3430
55457	3431
15545	3432
10787	3433
159357	3434
50366	3435
245267	3436
69620	3437
14849	3438
14069	3439
26062	3440
21718	3441
231643	3442
39964	3443
257657	3444
149503	3445
20928	3446
85798	3447
255271	3448
12622	3449
93223	3450
14749	3451
20467	3452
18252	3453
233786	3454
223232	3455
14371	3456
6759	3457
17492	3458
20889	3459
9462	3460
18786	3461
112870	3462
221228	3463
14584	3464
23932	3465
163641	3466
20098	3467
53255	3468
153265	3469
74960	3470
9002	3471
77939	3472
163998	3473
230589	3474
22956	3475
18065	3476
100497	3477
86697	3478
149816	3479
146065	3480
230677	3481
185192	3482
38886	3483
82116	3484
8126	3485
229804	3486
54657	3487
231934	3488
13106	3489
11327	3490
172050	3491
23104	3492
86150	3493
38838	3494
16823	3495
13300	3496
24067	3497
73347	3498
216028	3499
234396	3500
26611	3501
26284	3502
23982	3503
213937	3504
15700	3505
14412	3506
194355	3507
23149	3508
213183	3509
16447	3510
22370	3511
17372	3512
24824	3513
16181	3514
21601	3515
180629	3516
188903	3517
10637	3518
234592	3519
177583	3520
14611	3521
16090	3522
88470	3523
17846	3524
63912	3525
80934	3526
219801	3527
10889	3528
218425	3529
13289	3530
79296	3531
10093	3532
10212	3533
99314	3534
72985	3535
10041	3536
93633	3537
72500	3538
228638	3539
12165	3540
66404	3541
15931	3542
100378	3543
233884	3544
69914	3545
16946	3546
220209	3547
19388	3548
76662	3549
16156	3550
222509	3551
165846	3552
34244	3553
6911	3554
20846	3555
87427	3556
10488	3557
69843	3558
7480	3559
20714	3560
236201	3561
201901	3562
64251	3563
88591	3564
23922	3565
11113	3566
27222	3567
33352	3568
14290	3569
25294	3570
14155	3571
14393	3572
236776	3573
16246	3574
8115	3575
47406	3576
163742	3577
17660	3578
11953	3579
230708	3580
222755	3581
212500	3582
22271	3583
77516	3584
24396	3585
23307	3586
26945	3587
19927	3588
229559	3589
236616	3590
17108	3591
143161	3592
150251	3593
8727	3594
247239	3595
132934	3596
62256	3597
139035	3598
20754	3599
23018	3600
229150	3601
23671	3602
12101	3603
80825	3604
21186	3605
14039	3606
12241	3607
8404	3608
218626	3609
50870	3610
53178	3611
15763	3612
151266	3613
212896	3614
20773	3615
23060	3616
218769	3617
23976	3618
19439	3619
15373	3620
92992	3621
15019	3622
52618	3623
21505	3624
9846	3625
12090	3626
20445	3627
98593	3628
17744	3629
45837	3630
239813	3631
13747	3632
217969	3633
238366	3634
214618	3635
26623	3636
107488	3637
46908	3638
22156	3639
46638	3640
236982	3641
9821	3642
24231	3643
75377	3644
15157	3645
78013	3646
88557	3647
28363	3648
77762	3649
8635	3650
8168	3651
147223	3652
214947	3653
44117	3654
237804	3655
11437	3656
14401	3657
17318	3658
149184	3659
56306	3660
151608	3661
24914	3662
183947	3663
10335	3664
77297	3665
7903	3666
23749	3667
17787	3668
22971	3669
11925	3670
23943	3671
60505	3672
15645	3673
18412	3674
170046	3675
17549	3676
16580	3677
83029	3678
13734	3679
257198	3680
83658	3681
12020	3682
229690	3683
10187	3684
22979	3685
142435	3686
130409	3687
14940	3688
14086	3689
234339	3690
8814	3691
14737	3692
15215	3693
24901	3694
200296	3695
77853	3696
15098	3697
11671	3698
23053	3699
8424	3700
21251	3701
48144	3702
18802	3703
17662	3704
45580	3705
24228	3706
69960	3707
73260	3708
223305	3709
16488	3710
14660	3711
10365	3712
46156	3713
245922	3714
20970	3715
219464	3716
24076	3717
17642	3718
11345	3719
13386	3720
60420	3721
60309	3722
9090	3723
45641	3724
12831	3725
60543	3726
11294	3727
17784	3728
22225	3729
16029	3730
130268	3731
19888	3732
23857	3733
232405	3734
21038	3735
70680	3736
213762	3737
218723	3738
214519	3739
51403	3740
20978	3741
24604	3742
236470	3743
86322	3744
12170	3745
241059	3746
34328	3747
14344	3748
10239	3749
85055	3750
98979	3751
7489	3752
215163	3753
15697	3754
58647	3755
19307	3756
14609	3757
38849	3758
8865	3759
218987	3760
8487	3761
12208	3762
15079	3763
141009	3764
27250	3765
87177	3766
19328	3767
228045	3768
39486	3769
80734	3770
14979	3771
8383	3772
111853	3773
15782	3774
141208	3775
6766	3776
152931	3777
220895	3778
52486	3779
51542	3780
23224	3781
72297	3782
163919	3783
156703	3784
47835	3785
90239	3786
232918	3787
10474	3788
13430	3789
158138	3790
14878	3791
18882	3792
21268	3793
228667	3794
215413	3795
69005	3796
231287	3797
13297	3798
43051	3799
200165	3800
11534	3801
22479	3802
84912	3803
21652	3804
240291	3805
189576	3806
25858	3807
84408	3808
240208	3809
60888	3810
9438	3811
60617	3812
10938	3813
42247	3814
222348	3815
13007	3816
78592	3817
12869	3818
71283	3819
83718	3820
86577	3821
20881	3822
16109	3823
53211	3824
222401	3825
131454	3826
24268	3827
71600	3828
46525	3829
47119	3830
60011	3831
20044	3832
132195	3833
20014	3834
151997	3835
143806	3836
214206	3837
15036	3838
54633	3839
47520	3840
14527	3841
7992	3842
217952	3843
106426	3844
221075	3845
142078	3846
8441	3847
12350	3848
48546	3849
151574	3850
52457	3851
236707	3852
10265	3853
88735	3854
218894	3855
26060	3856
36922	3857
17599	3858
214122	3859
9057	3860
16716	3861
93234	3862
27005	3863
19672	3864
69030	3865
15579	3866
143071	3867
77156	3868
17553	3869
26294	3870
23141	3871
228756	3872
19830	3873
23586	3874
23069	3875
229421	3876
152952	3877
92617	3878
17241	3879
35640	3880
215901	3881
137975	3882
10925	3883
13744	3884
222620	3885
171442	3886
24606	3887
218140	3888
14517	3889
26962	3890
21362	3891
12797	3892
59088	3893
14223	3894
17150	3895
146162	3896
159319	3897
236605	3898
93361	3899
8860	3900
76297	3901
9208	3902
22684	3903
24327	3904
219804	3905
38036	3906
47472	3907
18431	3908
16141	3909
236809	3910
216398	3911
69634	3912
62920	3913
221975	3914
141846	3915
12098	3916
44827	3917
30220	3918
20244	3919
59900	3920
146579	3921
8295	3922
111343	3923
17442	3924
14972	3925
200340	3926
221097	3927
19837	3928
48215	3929
8659	3930
23920	3931
54918	3932
21379	3933
13804	3934
256306	3935
75169	3936
20707	3937
29932	3938
10364	3939
26278	3940
23624	3941
21437	3942
42881	3943
256778	3944
11337	3945
18248	3946
10904	3947
48540	3948
131146	3949
19867	3950
26599	3951
15799	3952
21738	3953
80651	3954
54788	3955
237181	3956
214012	3957
26433	3958
216724	3959
12883	3960
25165	3961
15962	3962
15929	3963
236061	3964
105044	3965
21528	3966
34749	3967
220062	3968
83307	3969
141155	3970
238050	3971
7990	3972
13440	3973
24474	3974
19900	3975
229431	3976
25409	3977
216289	3978
164198	3979
189936	3980
233603	3981
72357	3982
15146	3983
218573	3984
13100	3985
25095	3986
39800	3987
13418	3988
24809	3989
228154	3990
23851	3991
197571	3992
59822	3993
7930	3994
10592	3995
234405	3996
15276	3997
62442	3998
16646	3999
103054	4000
75710	4001
18054	4002
11588	4003
140931	4004
10148	4005
45844	4006
37095	4007
90225	4008
203218	4009
194071	4010
57042	4011
9345	4012
109992	4013
7397	4014
10170	4015
159972	4016
77169	4017
17882	4018
15456	4019
14604	4020
9893	4021
8621	4022
171123	4023
10996	4024
74575	4025
24368	4026
222189	4027
137917	4028
46604	4029
14764	4030
240992	4031
28366	4032
10817	4033
214469	4034
19052	4035
18527	4036
11617	4037
23189	4038
75021	4039
13040	4040
80768	4041
18532	4042
33763	4043
25767	4044
246202	4045
111364	4046
19125	4047
42890	4048
17104	4049
23230	4050
17002	4051
88961	4052
11821	4053
89368	4054
33122	4055
8323	4056
94582	4057
53602	4058
15403	4059
11830	4060
103198	4061
8896	4062
22552	4063
19847	4064
142055	4065
14190	4066
9079	4067
16855	4068
9598	4069
214978	4070
17557	4071
127503	4072
17200	4073
23118	4074
139069	4075
188690	4076
217838	4077
67176	4078
15878	4079
62147	4080
99795	4081
214960	4082
24849	4083
221997	4084
10709	4085
16867	4086
17910	4087
46088	4088
26217	4089
48974	4090
50715	4091
14503	4092
11863	4093
142314	4094
102928	4095
21387	4096
106528	4097
151340	4098
26824	4099
11014	4100
16506	4101
24203	4102
44228	4103
219108	4104
143215	4105
93016	4106
241266	4107
11947	4108
14359	4109
17052	4110
18468	4111
162671	4112
9569	4113
19464	4114
12202	4115
24541	4116
16540	4117
245011	4118
34759	4119
16745	4120
223008	4121
229164	4122
25984	4123
222722	4124
170549	4125
18994	4126
20542	4127
12210	4128
255423	4129
25299	4130
228686	4131
146793	4132
15621	4133
24909	4134
141902	4135
12862	4136
214986	4137
238361	4138
218299	4139
11790	4140
66396	4141
14317	4142
11500	4143
21178	4144
23611	4145
231633	4146
17742	4147
80730	4148
11633	4149
7704	4150
10063	4151
24535	4152
15192	4153
8915	4154
13861	4155
58831	4156
216053	4157
9360	4158
21173	4159
22973	4160
162688	4161
24958	4162
245671	4163
8881	4164
19080	4165
13166	4166
239396	4167
9375	4168
83104	4169
79274	4170
17019	4171
11593	4172
24103	4173
143407	4174
10864	4175
13915	4176
221904	4177
23382	4178
38398	4179
237083	4180
218432	4181
84043	4182
15552	4183
10420	4184
223464	4185
73964	4186
9432	4187
137450	4188
202392	4189
9584	4190
22245	4191
155114	4192
8639	4193
7832	4194
214188	4195
68293	4196
213592	4197
238617	4198
16992	4199
213448	4200
98554	4201
148498	4202
8173	4203
229980	4204
229120	4205
151521	4206
215360	4207
223166	4208
52232	4209
13123	4210
15577	4211
217130	4212
178246	4213
72907	4214
17608	4215
76053	4216
81062	4217
18312	4218
98625	4219
21562	4220
17151	4221
214201	4222
77917	4223
21021	4224
257595	4225
163930	4226
12781	4227
71539	4228
16811	4229
244582	4230
12832	4231
237996	4232
188333	4233
8844	4234
17673	4235
195193	4236
221001	4237
15584	4238
28235	4239
23985	4240
7922	4241
14840	4242
26730	4243
10553	4244
10454	4245
8557	4246
75473	4247
217186	4248
235588	4249
10957	4250
214071	4251
18148	4252
169329	4253
203900	4254
18072	4255
37336	4256
143398	4257
8269	4258
214088	4259
13823	4260
24626	4261
14945	4262
104804	4263
8898	4264
26094	4265
31066	4266
25600	4267
134213	4268
22323	4269
17777	4270
242503	4271
19380	4272
14977	4273
21171	4274
247259	4275
23871	4276
87551	4277
178839	4278
26247	4279
20062	4280
55593	4281
219048	4282
241076	4283
9476	4284
10557	4285
73144	4286
14233	4287
244319	4288
17692	4289
27162	4290
237719	4291
220181	4292
238866	4293
106348	4294
9600	4295
229144	4296
232730	4297
17092	4298
206569	4299
59400	4300
56311	4301
234690	4302
12446	4303
15993	4304
14829	4305
242274	4306
21232	4307
8378	4308
220644	4309
72845	4310
10396	4311
74551	4312
8476	4313
77938	4314
23591	4315
14966	4316
15965	4317
228116	4318
25549	4319
12237	4320
17485	4321
221938	4322
54628	4323
107217	4324
11003	4325
149686	4326
214718	4327
30737	4328
20702	4329
231636	4330
18961	4331
222629	4332
9566	4333
231353	4334
19615	4335
103737	4336
177564	4337
26425	4338
16764	4339
25722	4340
11685	4341
59914	4342
24641	4343
232059	4344
47459	4345
33472	4346
21162	4347
241309	4348
95680	4349
38409	4350
216071	4351
223156	4352
8588	4353
25652	4354
128914	4355
14259	4356
85926	4357
8624	4358
181130	4359
18121	4360
186943	4361
56901	4362
140579	4363
25700	4364
11874	4365
180014	4366
81072	4367
220204	4368
19730	4369
228566	4370
240032	4371
9492	4372
8151	4373
12522	4374
24393	4375
218698	4376
231008	4377
26655	4378
24645	4379
214461	4380
70579	4381
232381	4382
73715	4383
58614	4384
16452	4385
89854	4386
25837	4387
74083	4388
17700	4389
77008	4390
13118	4391
24464	4392
25537	4393
9158	4394
45807	4395
16296	4396
231711	4397
231461	4398
28372	4399
231047	4400
12909	4401
22704	4402
236925	4403
16623	4404
206160	4405
17749	4406
25459	4407
72662	4408
17835	4409
150166	4410
8081	4411
239091	4412
245489	4413
10161	4414
25753	4415
15690	4416
26694	4417
26977	4418
232822	4419
8041	4420
212941	4421
221164	4422
228020	4423
58490	4424
14059	4425
41729	4426
26332	4427
162166	4428
11622	4429
22487	4430
26275	4431
181211	4432
15163	4433
132071	4434
244877	4435
24181	4436
216908	4437
19474	4438
17334	4439
199688	4440
14557	4441
148806	4442
20318	4443
237807	4444
134137	4445
222059	4446
90547	4447
21018	4448
218593	4449
13312	4450
223034	4451
21533	4452
9793	4453
17868	4454
242222	4455
72128	4456
24549	4457
106069	4458
233777	4459
160336	4460
240695	4461
216076	4462
235946	4463
14941	4464
151614	4465
199893	4466
230602	4467
15052	4468
176178	4469
10601	4470
9956	4471
9020	4472
25644	4473
220926	4474
13891	4475
202951	4476
17110	4477
20872	4478
21666	4479
10788	4480
11731	4481
143388	4482
25696	4483
129557	4484
22565	4485
215568	4486
65720	4487
13424	4488
16082	4489
229272	4490
93779	4491
231056	4492
16738	4493
104786	4494
192605	4495
220279	4496
8228	4497
214472	4498
142655	4499
27254	4500
178166	4501
229415	4502
19012	4503
16844	4504
12510	4505
8507	4506
23617	4507
24834	4508
52626	4509
16319	4510
12562	4511
23035	4512
27093	4513
16739	4514
234481	4515
218878	4516
231376	4517
110380	4518
8138	4519
256641	4520
231988	4521
214887	4522
14251	4523
158054	4524
16722	4525
215301	4526
38046	4527
145067	4528
234182	4529
35500	4530
233350	4531
15108	4532
8203	4533
240921	4534
50708	4535
7286	4536
23576	4537
74680	4538
230907	4539
237701	4540
14137	4541
235518	4542
76963	4543
217107	4544
25910	4545
149141	4546
14179	4547
8600	4548
50454	4549
69882	4550
15849	4551
20322	4552
222343	4553
24754	4554
15604	4555
25201	4556
12135	4557
7381	4558
230871	4559
219802	4560
22905	4561
24607	4562
27987	4563
11862	4564
220614	4565
139208	4566
15107	4567
85409	4568
20317	4569
228217	4570
8422	4571
204429	4572
14018	4573
14587	4574
24009	4575
246489	4576
23950	4577
101494	4578
41455	4579
8606	4580
231448	4581
11607	4582
14375	4583
11875	4584
215900	4585
20257	4586
232436	4587
79713	4588
20981	4589
11291	4590
81940	4591
14062	4592
17472	4593
160957	4594
8608	4595
151046	4596
60007	4597
18825	4598
256625	4599
255104	4600
11044	4601
217976	4602
151370	4603
24591	4604
25958	4605
254865	4606
214857	4607
40857	4608
25645	4609
150100	4610
8213	4611
20226	4612
220617	4613
232987	4614
25271	4615
49713	4616
246062	4617
186805	4618
12198	4619
219110	4620
203240	4621
228066	4622
213669	4623
11673	4624
7505	4625
20661	4626
22560	4627
68003	4628
73163	4629
16576	4630
142059	4631
15530	4632
53926	4633
102020	4634
179784	4635
159871	4636
81369	4637
18499	4638
214612	4639
181056	4640
19774	4641
245972	4642
23169	4643
11403	4644
15425	4645
231460	4646
52572	4647
239552	4648
229770	4649
87048	4650
20931	4651
18988	4652
15834	4653
12991	4654
140444	4655
23737	4656
13437	4657
15400	4658
25994	4659
135245	4660
24732	4661
230354	4662
245764	4663
233748	4664
20258	4665
84057	4666
143132	4667
78008	4668
16837	4669
26048	4670
12334	4671
12722	4672
10568	4673
12938	4674
241168	4675
16788	4676
10987	4677
22646	4678
213037	4679
230610	4680
165838	4681
85003	4682
67562	4683
16446	4684
8858	4685
70320	4686
16031	4687
10149	4688
201093	4689
11695	4690
19119	4691
239722	4692
19361	4693
14242	4694
66969	4695
53834	4696
20783	4697
26707	4698
8214	4699
162399	4700
222604	4701
216896	4702
74727	4703
25140	4704
218189	4705
23825	4706
223389	4707
26428	4708
23838	4709
84393	4710
222787	4711
10106	4712
21565	4713
7679	4714
234896	4715
52931	4716
24254	4717
69938	4718
139505	4719
41383	4720
71471	4721
19385	4722
11788	4723
25712	4724
216080	4725
81452	4726
30845	4727
79901	4728
9605	4729
49948	4730
42158	4731
10914	4732
12853	4733
241085	4734
190241	4735
22903	4736
15336	4737
51338	4738
13715	4739
12827	4740
214918	4741
57243	4742
14884	4743
83421	4744
62706	4745
24210	4746
223377	4747
19829	4748
31789	4749
78613	4750
24876	4751
8674	4752
134079	4753
16624	4754
241474	4755
234487	4756
12319	4757
258878	4758
15016	4759
19509	4760
11109	4761
11654	4762
24799	4763
213333	4764
145847	4765
51220	4766
136205	4767
233169	4768
229039	4769
223530	4770
72471	4771
157918	4772
126931	4773
216109	4774
244690	4775
223532	4776
27026	4777
25512	4778
58480	4779
222865	4780
14630	4781
26756	4782
214879	4783
221078	4784
231590	4785
230203	4786
96758	4787
61270	4788
45291	4789
17522	4790
229640	4791
223380	4792
13104	4793
236659	4794
9369	4795
221192	4796
60766	4797
86338	4798
21775	4799
157881	4800
73492	4801
53647	4802
23960	4803
12965	4804
87934	4805
35360	4806
17373	4807
69225	4808
83723	4809
102591	4810
143119	4811
66565	4812
11933	4813
145748	4814
13108	4815
14454	4816
184193	4817
8992	4818
18486	4819
222185	4820
18339	4821
237147	4822
205616	4823
8688	4824
222408	4825
44921	4826
16022	4827
57708	4828
154351	4829
18299	4830
101341	4831
76964	4832
228123	4833
25403	4834
87610	4835
22202	4836
11714	4837
55281	4838
12979	4839
56776	4840
15293	4841
229414	4842
24628	4843
11635	4844
13429	4845
26049	4846
7394	4847
34693	4848
21067	4849
8867	4850
205552	4851
105247	4852
214070	4853
47519	4854
10789	4855
49717	4856
213730	4857
10243	4858
74559	4859
31972	4860
9591	4861
74807	4862
16013	4863
18165	4864
180701	4865
7531	4866
221101	4867
23809	4868
68297	4869
12844	4870
9997	4871
13411	4872
38644	4873
194766	4874
237303	4875
20038	4876
95753	4877
12612	4878
223297	4879
7891	4880
14994	4881
242506	4882
173295	4883
58486	4884
84450	4885
23992	4886
72999	4887
9673	4888
9327	4889
237063	4890
84134	4891
12730	4892
23928	4893
56547	4894
95355	4895
236503	4896
9498	4897
12373	4898
157831	4899
48855	4900
68917	4901
60631	4902
7334	4903
232740	4904
235294	4905
220837	4906
213144	4907
12532	4908
218604	4909
10743	4910
17186	4911
220851	4912
24803	4913
48548	4914
14858	4915
231608	4916
34459	4917
44881	4918
9632	4919
11392	4920
180023	4921
18051	4922
111933	4923
8740	4924
15719	4925
7179	4926
142993	4927
11680	4928
13694	4929
104814	4930
28196	4931
20942	4932
217069	4933
203392	4934
14916	4935
221201	4936
32222	4937
59507	4938
217841	4939
17467	4940
32556	4941
19369	4942
84425	4943
7818	4944
20364	4945
20778	4946
21537	4947
25408	4948
7741	4949
13951	4950
6889	4951
106328	4952
229221	4953
12158	4954
15322	4955
25886	4956
10049	4957
22317	4958
12359	4959
146933	4960
133182	4961
8045	4962
220406	4963
151620	4964
85598	4965
202346	4966
72460	4967
9684	4968
13083	4969
221131	4970
16589	4971
234915	4972
11865	4973
232675	4974
152419	4975
12912	4976
42231	4977
24867	4978
14623	4979
241992	4980
15625	4981
91271	4982
10382	4983
11050	4984
15889	4985
9571	4986
163659	4987
233506	4988
45796	4989
14848	4990
150559	4991
80782	4992
109921	4993
87296	4994
9931	4995
179044	4996
26705	4997
81029	4998
229002	4999
105045	5000
26582	5001
87097	5002
143760	5003
13194	5004
237002	5005
13713	5006
52160	5007
89255	5008
55107	5009
66294	5010
15535	5011
7856	5012
23962	5013
223193	5014
214629	5015
88849	5016
16865	5017
100386	5018
24421	5019
230074	5020
21331	5021
221907	5022
16045	5023
15132	5024
23775	5025
231275	5026
77832	5027
45933	5028
168393	5029
45490	5030
132422	5031
9659	5032
10888	5033
17739	5034
14652	5035
15466	5036
11488	5037
48150	5038
12299	5039
8526	5040
85758	5041
244351	5042
59513	5043
231040	5044
214601	5045
23402	5046
8730	5047
219160	5048
25051	5049
84456	5050
240065	5051
23614	5052
217383	5053
72934	5054
214607	5055
23052	5056
16163	5057
49921	5058
11668	5059
241716	5060
150648	5061
233164	5062
8031	5063
184361	5064
219054	5065
114978	5066
234321	5067
152220	5068
222398	5069
63250	5070
213007	5071
16890	5072
90042	5073
204815	5074
170404	5075
213700	5076
16072	5077
21763	5078
53493	5079
109845	5080
134253	5081
41234	5082
19411	5083
86415	5084
19211	5085
231565	5086
23615	5087
11043	5088
220100	5089
8979	5090
229005	5091
76343	5092
18350	5093
14000	5094
245648	5095
15676	5096
219892	5097
21710	5098
12847	5099
214080	5100
231875	5101
88213	5102
49559	5103
26365	5104
242348	5105
14204	5106
221988	5107
126778	5108
14498	5109
25544	5110
23579	5111
109840	5112
13315	5113
24426	5114
231291	5115
244602	5116
234418	5117
139888	5118
76017	5119
87882	5120
78174	5121
16147	5122
214552	5123
29865	5124
77782	5125
156029	5126
7509	5127
24128	5128
214390	5129
11223	5130
218898	5131
12940	5132
70869	5133
229568	5134
12490	5135
222037	5136
13412	5137
256790	5138
73108	5139
87137	5140
201911	5141
188571	5142
60681	5143
72087	5144
220115	5145
9456	5146
216049	5147
231151	5148
238575	5149
97556	5150
16959	5151
241533	5152
23451	5153
81512	5154
159345	5155
234882	5156
8492	5157
14087	5158
219809	5159
219106	5160
15485	5161
223244	5162
223049	5163
213569	5164
166880	5165
165589	5166
219107	5167
241130	5168
218695	5169
77776	5170
231394	5171
214576	5172
14370	5173
98843	5174
9532	5175
150258	5176
15117	5177
12714	5178
26737	5179
228061	5180
25771	5181
237270	5182
7824	5183
217842	5184
17455	5185
208884	5186
231524	5187
17371	5188
23963	5189
31059	5190
228232	5191
7466	5192
22780	5193
7734	5194
230792	5195
24249	5196
221006	5197
22402	5198
23864	5199
102309	5200
25481	5201
8371	5202
22255	5203
24638	5204
58443	5205
14541	5206
22689	5207
10386	5208
46627	5209
24713	5210
149738	5211
233016	5212
49506	5213
210507	5214
24416	5215
113131	5216
24697	5217
15272	5218
19734	5219
77970	5220
16681	5221
21317	5222
14942	5223
21309	5224
60366	5225
161618	5226
17171	5227
235163	5228
77918	5229
228016	5230
15718	5231
23782	5232
213665	5233
32209	5234
9894	5235
12641	5236
239951	5237
129520	5238
255829	5239
9265	5240
24502	5241
64681	5242
16871	5243
223390	5244
150138	5245
17087	5246
20340	5247
10052	5248
213639	5249
83752	5250
244325	5251
217901	5252
189460	5253
11682	5254
85566	5255
92848	5256
9549	5257
23172	5258
229244	5259
17234	5260
228381	5261
85801	5262
213225	5263
30485	5264
93280	5265
20031	5266
11585	5267
10974	5268
38113	5269
25760	5270
16192	5271
18794	5272
9828	5273
10825	5274
8939	5275
19736	5276
150221	5277
72483	5278
177655	5279
11611	5280
146268	5281
15593	5282
13687	5283
221919	5284
65071	5285
22632	5286
24670	5287
58348	5288
21085	5289
21668	5290
57838	5291
11886	5292
10022	5293
230495	5294
239619	5295
14453	5296
153672	5297
12419	5298
69842	5299
231155	5300
16208	5301
143473	5302
12910	5303
8876	5304
20719	5305
12460	5306
228383	5307
14993	5308
86360	5309
77937	5310
111642	5311
6969	5312
9263	5313
56926	5314
14484	5315
216914	5316
42932	5317
9985	5318
11629	5319
10128	5320
201152	5321
16487	5322
89630	5323
241559	5324
18237	5325
52277	5326
236760	5327
14736	5328
68596	5329
217004	5330
73285	5331
8742	5332
24012	5333
130244	5334
218199	5335
218361	5336
20804	5337
76121	5338
246769	5339
215975	5340
141790	5341
32243	5342
72577	5343
23919	5344
68191	5345
6901	5346
215023	5347
6964	5348
223439	5349
25076	5350
26508	5351
22464	5352
10793	5353
151672	5354
238603	5355
238408	5356
53169	5357
8889	5358
141097	5359
13081	5360
201175	5361
214983	5362
168579	5363
170876	5364
9735	5365
15131	5366
20582	5367
232410	5368
19840	5369
25731	5370
92000	5371
15755	5372
14183	5373
24633	5374
25560	5375
77862	5376
72506	5377
22765	5378
17154	5379
148747	5380
10853	5381
26591	5382
8537	5383
78093	5384
10774	5385
180325	5386
58638	5387
212472	5388
220094	5389
220189	5390
47171	5391
21089	5392
11021	5393
235874	5394
217863	5395
14471	5396
222929	5397
17253	5398
13841	5399
24475	5400
69097	5401
15743	5402
231009	5403
215573	5404
223010	5405
191793	5406
24438	5407
228396	5408
14740	5409
16637	5410
166529	5411
25754	5412
74439	5413
17443	5414
14529	5415
25322	5416
166933	5417
218511	5418
245062	5419
254511	5420
59355	5421
75475	5422
16899	5423
77437	5424
78462	5425
140997	5426
11317	5427
242427	5428
133666	5429
25031	5430
204890	5431
35270	5432
9520	5433
13178	5434
216768	5435
57760	5436
47943	5437
21121	5438
147533	5439
9415	5440
14040	5441
13376	5442
47121	5443
90253	5444
11419	5445
229607	5446
237887	5447
23009	5448
188250	5449
10951	5450
22532	5451
14063	5452
10722	5453
160269	5454
192744	5455
12939	5456
82896	5457
7798	5458
219900	5459
17344	5460
16199	5461
24177	5462
10692	5463
236927	5464
47832	5465
13340	5466
79254	5467
223420	5468
12601	5469
16920	5470
21367	5471
36055	5472
175383	5473
19915	5474
174170	5475
228394	5476
156769	5477
220091	5478
14818	5479
221108	5480
16143	5481
20073	5482
18076	5483
14299	5484
19506	5485
66056	5486
21527	5487
25359	5488
14429	5489
19140	5490
35055	5491
25222	5492
18447	5493
25730	5494
80561	5495
24683	5496
229969	5497
15504	5498
16419	5499
50314	5500
229959	5501
13018	5502
112310	5503
21599	5504
8724	5505
7808	5506
214736	5507
234324	5508
237184	5509
203769	5510
14329	5511
34696	5512
217874	5513
11187	5514
240530	5515
242352	5516
217985	5517
95325	5518
72742	5519
16125	5520
239090	5521
32411	5522
76706	5523
163867	5524
19207	5525
7792	5526
45040	5527
218998	5528
12209	5529
242080	5530
220869	5531
214764	5532
8781	5533
218648	5534
14262	5535
199969	5536
223501	5537
11649	5538
9132	5539
18050	5540
205681	5541
148655	5542
236523	5543
241573	5544
220684	5545
214089	5546
16577	5547
212476	5548
245651	5549
11297	5550
89948	5551
99630	5552
17807	5553
167163	5554
228919	5555
174210	5556
238919	5557
231302	5558
9648	5559
23779	5560
90215	5561
205117	5562
14642	5563
81066	5564
74151	5565
214193	5566
75019	5567
11020	5568
14747	5569
220888	5570
14535	5571
47705	5572
228400	5573
11768	5574
173026	5575
22445	5576
38030	5577
222014	5578
150654	5579
23718	5580
216032	5581
8297	5582
15128	5583
72463	5584
80581	5585
10203	5586
15866	5587
222046	5588
219775	5589
50843	5590
240388	5591
228844	5592
12968	5593
11447	5594
55867	5595
6852	5596
25172	5597
185959	5598
239305	5599
165818	5600
149726	5601
11879	5602
128669	5603
67716	5604
9796	5605
195844	5606
233900	5607
95469	5608
21301	5609
16042	5610
8418	5611
9420	5612
20292	5613
10872	5614
215619	5615
228750	5616
215701	5617
191950	5618
222363	5619
13311	5620
21226	5621
222585	5622
47234	5623
25655	5624
60491	5625
108982	5626
8132	5627
8398	5628
10250	5629
174365	5630
234525	5631
223308	5632
130444	5633
75205	5634
223494	5635
13063	5636
19706	5637
44178	5638
14755	5639
14379	5640
233003	5641
53820	5642
19917	5643
78050	5644
238326	5645
78020	5646
240380	5647
25205	5648
230745	5649
216818	5650
17260	5651
25227	5652
8891	5653
218090	5654
14173	5655
24919	5656
42658	5657
17902	5658
143466	5659
21588	5660
42672	5661
233756	5662
212686	5663
20502	5664
21200	5665
213719	5666
216247	5667
88443	5668
213482	5669
9000	5670
112095	5671
17816	5672
139987	5673
25792	5674
26296	5675
11269	5676
132037	5677
222333	5678
108184	5679
88745	5680
221272	5681
221233	5682
8633	5683
234799	5684
216779	5685
77955	5686
24588	5687
10958	5688
13122	5689
13735	5690
215102	5691
171407	5692
29653	5693
219193	5694
255293	5695
14313	5696
223528	5697
71245	5698
235797	5699
244285	5700
160042	5701
23021	5702
255223	5703
84580	5704
239503	5705
7548	5706
228511	5707
17029	5708
8488	5709
21603	5710
230499	5711
14683	5712
245100	5713
220962	5714
103489	5715
21148	5716
245596	5717
17498	5718
230895	5719
241951	5720
23592	5721
19008	5722
180502	5723
207913	5724
25353	5725
139733	5726
11149	5727
234866	5728
13903	5729
15258	5730
216052	5731
18325	5732
213029	5733
230798	5734
87433	5735
232827	5736
214435	5737
234759	5738
71753	5739
73875	5740
17144	5741
214509	5742
134592	5743
231824	5744
231931	5745
19935	5746
17838	5747
10532	5748
229004	5749
168201	5750
218538	5751
7619	5752
48921	5753
59104	5754
241276	5755
9618	5756
218548	5757
53524	5758
223481	5759
53603	5760
39545	5761
11027	5762
143019	5763
21305	5764
70976	5765
36057	5766
8216	5767
22321	5768
24565	5769
56693	5770
230110	5771
75188	5772
72560	5773
15794	5774
220810	5775
229362	5776
21069	5777
13290	5778
159456	5779
160929	5780
26639	5781
237501	5782
15099	5783
25460	5784
16353	5785
217180	5786
185885	5787
230775	5788
24667	5789
143280	5790
238071	5791
20501	5792
205634	5793
31309	5794
17045	5795
25663	5796
94683	5797
13302	5798
19039	5799
203762	5800
9699	5801
9519	5802
23708	5803
211210	5804
89205	5805
18868	5806
222727	5807
21183	5808
47604	5809
223344	5810
14426	5811
20311	5812
172044	5813
13696	5814
37075	5815
143032	5816
223506	5817
156864	5818
223241	5819
16730	5820
214962	5821
11400	5822
67629	5823
12253	5824
213217	5825
235727	5826
14149	5827
14995	5828
232191	5829
257467	5830
191248	5831
143369	5832
222647	5833
115746	5834
232909	5835
23109	5836
24947	5837
216335	5838
68757	5839
19890	5840
21521	5841
54814	5842
221185	5843
245256	5844
220089	5845
17077	5846
215976	5847
221293	5848
25726	5849
75981	5850
11209	5851
68537	5852
170710	5853
162327	5854
75821	5855
162475	5856
60750	5857
10574	5858
9884	5859
80831	5860
14470	5861
16318	5862
9064	5863
25866	5864
75439	5865
25693	5866
230310	5867
15423	5868
84414	5869
12717	5870
58847	5871
259310	5872
222222	5873
19910	5874
8599	5875
230663	5876
230790	5877
72181	5878
230141	5879
165553	5880
212560	5881
235756	5882
38153	5883
229363	5884
24912	5885
34437	5886
108675	5887
112133	5888
49910	5889
13146	5890
35831	5891
220324	5892
16904	5893
96279	5894
10912	5895
216388	5896
19918	5897
14706	5898
44355	5899
8462	5900
241185	5901
12740	5902
10134	5903
218708	5904
216437	5905
26393	5906
8806	5907
240605	5908
214055	5909
162191	5910
234911	5911
8489	5912
8997	5913
228782	5914
254767	5915
14616	5916
13947	5917
77125	5918
216700	5919
23370	5920
26925	5921
15384	5922
12078	5923
8328	5924
147346	5925
15363	5926
20201	5927
13363	5928
24739	5929
44726	5930
10370	5931
40374	5932
219156	5933
247091	5934
213905	5935
20965	5936
8554	5937
51238	5938
8186	5939
232763	5940
244707	5941
75636	5942
213638	5943
68324	5944
239748	5945
237811	5946
25630	5947
176865	5948
10522	5949
245884	5950
58693	5951
25228	5952
213626	5953
21134	5954
24597	5955
8956	5956
35633	5957
237732	5958
16186	5959
10196	5960
78868	5961
181572	5962
107068	5963
228734	5964
48123	5965
230866	5966
19263	5967
17947	5968
25107	5969
112260	5970
230711	5971
11195	5972
215897	5973
245932	5974
170444	5975
24680	5976
11782	5977
16253	5978
41755	5979
13328	5980
241434	5981
234161	5982
79471	5983
77069	5984
9656	5985
204435	5986
233395	5987
146728	5988
216143	5989
169564	5990
245705	5991
21799	5992
236057	5993
220881	5994
54889	5995
155117	5996
11676	5997
84845	5998
223069	5999
67061	6000
80564	6001
11090	6002
14072	6003
25310	6004
32597	6005
219607	6006
14560	6007
232138	6008
13407	6009
241291	6010
188823	6011
223188	6012
7549	6013
150297	6014
19094	6015
8744	6016
235908	6017
53266	6018
142404	6019
25979	6020
236433	6021
164068	6022
81141	6023
155976	6024
222792	6025
71966	6026
19305	6027
233862	6028
87286	6029
222407	6030
53618	6031
11015	6032
240785	6033
110945	6034
241518	6035
231106	6036
56074	6037
11891	6038
214504	6039
15236	6040
24343	6041
83807	6042
219060	6043
73098	6044
35554	6045
230199	6046
240617	6047
41550	6048
136456	6049
230600	6050
221371	6051
13882	6052
21415	6053
59334	6054
7938	6055
12578	6056
133235	6057
211111	6058
66459	6059
235776	6060
72363	6061
11610	6062
239779	6063
229386	6064
34534	6065
24054	6066
219898	6067
238845	6068
9848	6069
219893	6070
52755	6071
236241	6072
30703	6073
15893	6074
11965	6075
48852	6076
241267	6077
73312	6078
222952	6079
235121	6080
76469	6081
14311	6082
220067	6083
228716	6084
11861	6085
23997	6086
22938	6087
133979	6088
229658	6089
75639	6090
221011	6091
79581	6092
81955	6093
78521	6094
17636	6095
85855	6096
239498	6097
233454	6098
223242	6099
126134	6100
7669	6101
231336	6102
20027	6103
237951	6104
37783	6105
256785	6106
24046	6107
216627	6108
97561	6109
7511	6110
230268	6111
11468	6112
45269	6113
79844	6114
12179	6115
35300	6116
10833	6117
203097	6118
230172	6119
155182	6120
50367	6121
152209	6122
7623	6123
246014	6124
24371	6125
9657	6126
71271	6127
223422	6128
24457	6129
7706	6130
228261	6131
14369	6132
218988	6133
10451	6134
222588	6135
244144	6136
10493	6137
16316	6138
165289	6139
80084	6140
71186	6141
233082	6142
11440	6143
8642	6144
17062	6145
202863	6146
146272	6147
21421	6148
55271	6149
231796	6150
232467	6151
184197	6152
88092	6153
240990	6154
11239	6155
80282	6156
29503	6157
216571	6158
19142	6159
8033	6160
233801	6161
13231	6162
48313	6163
13202	6164
230994	6165
14241	6166
128885	6167
26204	6168
7965	6169
16421	6170
165542	6171
228392	6172
26364	6173
220822	6174
35859	6175
255895	6176
159723	6177
260068	6178
11387	6179
229132	6180
231937	6181
230238	6182
10944	6183
20932	6184
12936	6185
254415	6186
15342	6187
11647	6188
23193	6189
8494	6190
222641	6191
38162	6192
20246	6193
13690	6194
15251	6195
17965	6196
106187	6197
246532	6198
222217	6199
241416	6200
15749	6201
24180	6202
34832	6203
50896	6204
21065	6205
216552	6206
10050	6207
15629	6208
165450	6209
137903	6210
127164	6211
67368	6212
13396	6213
40575	6214
9606	6215
24111	6216
9408	6217
22341	6218
155534	6219
41183	6220
215513	6221
14460	6222
241721	6223
234732	6224
247243	6225
15561	6226
167145	6227
12731	6228
9564	6229
13125	6230
255427	6231
238785	6232
205144	6233
15209	6234
92774	6235
148750	6236
216969	6237
22595	6238
24288	6239
141705	6240
11480	6241
13406	6242
11684	6243
81069	6244
242268	6245
51773	6246
87377	6247
217313	6248
254363	6249
17786	6250
166290	6251
149480	6252
13295	6253
24311	6254
150686	6255
22700	6256
60072	6257
65192	6258
238329	6259
213462	6260
17124	6261
10844	6262
228792	6263
149225	6264
17041	6265
228391	6266
15862	6267
232332	6268
23142	6269
14378	6270
244816	6271
24651	6272
163370	6273
234450	6274
31755	6275
17255	6276
246530	6277
230392	6278
200196	6279
254689	6280
76940	6281
245254	6282
218138	6283
36201	6284
22908	6285
10101	6286
228623	6287
108540	6288
9494	6289
199091	6290
202777	6291
29690	6292
39304	6293
228228	6294
16441	6295
229263	6296
216942	6297
16517	6298
11358	6299
230779	6300
223012	6301
214057	6302
27193	6303
18046	6304
223030	6305
219185	6306
239286	6307
42098	6308
77529	6309
219078	6310
52018	6311
11155	6312
69330	6313
10518	6314
16256	6315
130976	6316
44150	6317
179680	6318
57716	6319
214273	6320
233075	6321
6843	6322
242052	6323
246011	6324
217378	6325
238232	6326
138127	6327
45340	6328
256166	6329
23116	6330
19851	6331
16323	6332
25318	6333
71742	6334
12930	6335
19030	6336
13421	6337
242440	6338
67615	6339
25617	6340
13059	6341
8834	6342
88234	6343
127314	6344
8856	6345
237682	6346
13976	6347
8408	6348
166678	6349
141768	6350
158880	6351
72739	6352
15707	6353
88084	6354
41736	6355
13230	6356
165505	6357
146044	6358
12502	6359
19425	6360
11516	6361
232818	6362
62221	6363
23313	6364
44831	6365
214730	6366
14808	6367
89406	6368
12838	6369
218683	6370
255276	6371
13733	6372
218864	6373
9324	6374
73314	6375
85001	6376
235312	6377
10471	6378
241560	6379
140037	6380
45461	6381
8363	6382
165591	6383
223354	6384
208589	6385
60345	6386
76303	6387
46199	6388
204778	6389
100546	6390
222323	6391
25110	6392
18463	6393
133895	6394
71986	6395
238307	6396
169811	6397
26437	6398
235142	6399
235255	6400
222350	6401
238696	6402
9687	6403
8942	6404
232341	6405
233914	6406
24737	6407
17423	6408
9251	6409
15224	6410
223492	6411
221254	6412
15183	6413
220319	6414
14625	6415
160251	6416
10262	6417
20011	6418
8777	6419
70687	6420
218295	6421
230277	6422
72097	6423
15790	6424
233353	6425
25764	6426
29459	6427
192448	6428
141991	6429
66336	6430
12626	6431
47501	6432
10044	6433
164066	6434
18864	6435
222212	6436
235242	6437
23621	6438
11725	6439
218874	6440
246105	6441
143059	6442
75782	6443
149972	6444
77933	6445
220867	6446
15214	6447
229234	6448
231043	6449
24871	6450
15382	6451
80328	6452
25367	6453
238612	6454
235868	6455
143333	6456
244867	6457
216952	6458
18834	6459
14422	6460
12575	6461
160132	6462
12318	6463
135367	6464
57998	6465
223043	6466
24960	6467
53297	6468
201433	6469
23565	6470
216069	6471
217836	6472
23875	6473
219061	6474
239572	6475
26660	6476
69743	6477
216035	6478
231537	6479
136629	6480
17854	6481
236516	6482
229774	6483
62631	6484
79028	6485
36944	6486
22914	6487
25360	6488
51961	6489
229053	6490
244564	6491
11640	6492
238887	6493
14339	6494
24322	6495
16508	6496
213197	6497
20352	6498
228517	6499
72011	6500
241458	6501
13180	6502
22274	6503
11687	6504
95767	6505
22769	6506
143425	6507
231508	6508
234569	6509
180184	6510
220984	6511
236118	6512
10146	6513
22589	6514
172716	6515
239076	6516
244975	6517
176961	6518
229126	6519
25791	6520
229370	6521
105072	6522
9024	6523
84066	6524
20998	6525
217277	6526
89196	6527
10346	6528
205656	6529
21112	6530
17459	6531
235279	6532
228915	6533
255013	6534
34018	6535
89660	6536
238428	6537
240295	6538
30501	6539
168138	6540
82026	6541
11369	6542
22232	6543
208849	6544
239639	6545
15313	6546
238029	6547
10662	6548
228771	6549
62408	6550
229390	6551
17570	6552
20906	6553
220092	6554
25032	6555
202728	6556
37683	6557
15438	6558
18152	6559
43486	6560
237995	6561
218972	6562
24657	6563
218080	6564
75521	6565
53574	6566
16437	6567
220484	6568
9847	6569
221094	6570
14839	6571
246000	6572
19801	6573
27155	6574
15590	6575
6944	6576
214920	6577
219287	6578
232727	6579
231509	6580
232382	6581
214097	6582
7868	6583
21123	6584
139975	6585
178966	6586
13657	6587
236189	6588
11417	6589
69034	6590
15594	6591
60713	6592
22841	6593
9442	6594
174865	6595
13473	6596
77911	6597
49777	6598
216784	6599
214432	6600
184585	6601
11754	6602
76846	6603
234484	6604
216440	6605
244809	6606
214927	6607
213631	6608
12231	6609
217158	6610
9029	6611
68216	6612
152664	6613
15953	6614
34099	6615
221295	6616
254403	6617
19522	6618
15554	6619
72874	6620
15740	6621
229091	6622
229486	6623
10566	6624
56358	6625
17769	6626
170731	6627
84014	6628
143114	6629
131873	6630
16759	6631
141831	6632
183002	6633
203349	6634
23608	6635
233320	6636
9509	6637
13132	6638
13758	6639
234867	6640
17060	6641
214994	6642
242334	6643
22169	6644
14905	6645
10546	6646
75115	6647
14249	6648
188560	6649
229496	6650
217840	6651
108520	6652
11728	6653
82166	6654
216258	6655
40555	6656
220390	6657
25096	6658
231282	6659
238162	6660
160793	6661
192357	6662
7337	6663
24879	6664
244514	6665
15860	6666
11509	6667
151249	6668
79437	6669
12819	6670
227990	6671
13054	6672
54589	6673
70973	6674
47413	6675
13330	6676
13130	6677
155827	6678
25116	6679
241393	6680
10953	6681
143462	6682
222695	6683
49478	6684
236007	6685
25330	6686
222712	6687
81229	6688
238182	6689
198182	6690
206369	6691
12192	6692
7422	6693
11192	6694
133222	6695
240954	6696
54607	6697
8769	6698
222844	6699
167188	6700
71421	6701
53059	6702
11305	6703
179233	6704
26631	6705
255665	6706
103540	6707
68317	6708
16283	6709
219765	6710
9603	6711
14111	6712
37039	6713
11177	6714
7387	6715
219938	6716
30289	6717
221134	6718
11432	6719
12850	6720
54719	6721
13001	6722
17341	6723
72381	6724
86557	6725
218884	6726
142644	6727
10324	6728
21846	6729
54989	6730
155357	6731
145757	6732
254207	6733
55243	6734
10485	6735
20618	6736
230477	6737
223059	6738
217272	6739
50723	6740
220153	6741
16876	6742
13229	6743
64358	6744
232227	6745
150958	6746
230153	6747
43022	6748
255042	6749
230102	6750
132692	6751
241987	6752
14898	6753
235695	6754
201008	6755
232689	6756
235321	6757
60928	6758
236306	6759
10307	6760
215411	6761
144950	6762
230572	6763
23746	6764
8192	6765
230975	6766
158634	6767
54473	6768
150047	6769
239856	6770
232893	6771
215614	6772
230359	6773
15983	6774
9218	6775
22932	6776
66423	6777
74999	6778
230627	6779
234291	6780
53517	6781
230225	6782
234595	6783
11908	6784
45245	6785
10755	6786
241730	6787
93611	6788
232032	6789
18382	6790
233517	6791
245025	6792
14362	6793
12887	6794
16363	6795
18987	6796
83701	6797
140570	6798
14489	6799
12642	6800
19500	6801
25298	6802
16785	6803
33555	6804
19539	6805
79515	6806
11542	6807
20578	6808
23693	6809
159527	6810
16750	6811
230697	6812
230125	6813
39988	6814
23373	6815
57674	6816
228478	6817
34656	6818
23072	6819
244856	6820
25471	6821
228084	6822
143779	6823
24060	6824
59078	6825
209076	6826
72673	6827
29945	6828
75037	6829
15850	6830
237349	6831
240362	6832
239247	6833
13362	6834
109899	6835
10528	6836
214835	6837
13015	6838
22817	6839
231020	6840
171001	6841
95602	6842
17400	6843
7263	6844
40345	6845
217927	6846
44823	6847
216740	6848
109001	6849
12957	6850
11982	6851
206284	6852
7585	6853
153436	6854
13179	6855
237873	6856
218176	6857
72705	6858
51901	6859
222665	6860
158960	6861
236060	6862
21650	6863
229845	6864
62723	6865
7616	6866
150995	6867
13253	6868
220660	6869
24170	6870
89550	6871
228055	6872
236673	6873
244929	6874
223192	6875
179673	6876
213996	6877
19903	6878
24190	6879
239630	6880
215084	6881
19882	6882
12113	6883
71968	6884
19243	6885
152133	6886
14607	6887
221973	6888
215606	6889
228996	6890
233665	6891
223582	6892
61074	6893
11881	6894
239453	6895
228386	6896
18984	6897
230754	6898
75153	6899
15666	6900
16826	6901
11156	6902
233715	6903
218724	6904
20591	6905
100728	6906
11845	6907
202975	6908
21744	6909
213118	6910
140135	6911
240833	6912
162410	6913
233119	6914
214218	6915
42616	6916
25513	6917
231186	6918
142584	6919
171401	6920
232274	6921
233049	6922
25714	6923
9923	6924
17659	6925
12176	6926
13052	6927
186860	6928
49173	6929
30007	6930
142511	6931
221943	6932
17201	6933
70809	6934
206461	6935
163488	6936
58701	6937
57764	6938
89767	6939
19014	6940
215800	6941
6978	6942
100513	6943
11068	6944
228059	6945
210097	6946
216499	6947
212822	6948
231426	6949
116035	6950
172022	6951
14338	6952
220777	6953
229093	6954
235369	6955
240104	6956
144406	6957
217013	6958
15570	6959
13044	6960
210051	6961
223453	6962
228748	6963
13970	6964
222811	6965
246951	6966
111896	6967
240118	6968
232920	6969
24615	6970
238666	6971
158383	6972
217333	6973
141540	6974
230216	6975
217917	6976
244302	6977
14437	6978
173988	6979
152181	6980
8390	6981
233230	6982
238429	6983
244756	6984
212936	6985
100289	6986
213273	6987
229439	6988
75238	6989
237197	6990
8539	6991
73650	6992
237759	6993
9822	6994
19115	6995
234672	6996
9607	6997
139788	6998
215365	6999
228285	7000
9841	7001
22651	7002
7934	7003
236277	7004
22148	7005
169711	7006
153659	7007
215236	7008
13704	7009
77909	7010
223461	7011
22243	7012
12616	7013
230171	7014
169011	7015
25870	7016
35856	7017
10452	7018
88464	7019
147251	7020
80285	7021
219483	7022
203400	7023
19443	7024
20962	7025
75602	7026
24647	7027
216158	7028
139726	7029
240245	7030
232277	7031
223583	7032
7778	7033
220257	7034
8024	7035
18516	7036
241011	7037
12063	7038
77030	7039
238903	7040
14836	7041
244512	7042
230455	7043
9583	7044
192677	7045
220344	7046
23991	7047
24560	7048
133116	7049
203128	7050
163866	7051
53760	7052
169361	7053
246999	7054
12903	7055
247347	7056
234474	7057
11219	7058
7745	7059
19003	7060
212984	7061
17340	7062
10142	7063
15847	7064
223211	7065
108723	7066
26266	7067
141316	7068
8437	7069
163109	7070
53202	7071
18986	7072
11697	7073
22627	7074
88853	7075
38806	7076
8699	7077
18268	7078
229922	7079
222223	7080
143418	7081
9820	7082
22525	7083
77003	7084
10955	7085
222574	7086
234476	7087
125668	7088
13264	7089
218549	7090
221249	7091
15608	7092
228811	7093
219487	7094
12261	7095
14763	7096
232749	7097
235951	7098
221266	7099
13342	7100
15968	7101
79319	7102
44111	7103
14389	7104
239890	7105
212348	7106
223032	7107
48919	7108
216668	7109
34579	7110
15582	7111
19444	7112
88548	7113
13093	7114
10510	7115
17167	7116
236767	7117
220397	7118
68542	7119
16342	7120
231393	7121
235642	7122
238126	7123
11197	7124
222966	7125
217156	7126
115789	7127
46019	7128
17517	7129
17321	7130
241372	7131
16407	7132
89721	7133
220409	7134
154205	7135
10997	7136
24186	7137
233553	7138
230993	7139
256325	7140
11178	7141
219025	7142
239374	7143
22776	7144
24917	7145
203287	7146
237231	7147
222268	7148
12444	7149
236504	7150
176287	7151
219174	7152
53905	7153
62604	7154
166607	7155
14197	7156
10636	7157
20356	7158
236171	7159
11988	7160
59889	7161
206870	7162
20990	7163
11076	7164
18371	7165
15675	7166
7602	7167
38010	7168
241480	7169
60153	7170
212504	7171
51371	7172
220272	7173
237871	7174
216227	7175
22711	7176
104772	7177
15292	7178
233938	7179
228229	7180
87705	7181
216232	7182
160216	7183
180254	7184
217947	7185
220586	7186
214090	7187
19499	7188
59457	7189
13438	7190
229163	7191
234942	7192
24283	7193
22258	7194
11806	7195
230787	7196
235150	7197
21016	7198
25800	7199
240155	7200
18534	7201
10223	7202
16113	7203
235229	7204
230903	7205
212914	7206
223278	7207
8698	7208
234757	7209
218005	7210
215510	7211
235075	7212
51462	7213
214995	7214
7342	7215
245336	7216
83950	7217
217196	7218
106227	7219
255841	7220
228683	7221
16721	7222
94770	7223
161438	7224
23356	7225
23831	7226
10090	7227
150741	7228
51519	7229
220403	7230
206640	7231
95987	7232
10543	7233
241980	7234
26917	7235
91998	7236
237051	7237
231952	7238
233373	7239
11161	7240
214221	7241
25750	7242
128814	7243
218461	7244
16938	7245
150627	7246
11719	7247
11002	7248
102765	7249
17230	7250
72651	7251
221219	7252
228809	7253
24894	7254
90315	7255
171681	7256
222253	7257
237815	7258
239946	7259
222663	7260
162363	7261
22779	7262
16869	7263
60863	7264
215439	7265
18082	7266
236200	7267
8122	7268
143296	7269
241496	7270
80438	7271
219119	7272
75289	7273
17912	7274
26047	7275
218711	7276
245390	7277
23650	7278
11463	7279
