4763812	0
599447	1
3603106	2
2043209	3
3073764	4
2945555	5
2804093	6
640518	7
1577877	8
3469461	9
715032	10
2592199	11
1405774	12
1722026	13
1103570	14
706461	15
12506154	16
4100204	17
2938321	18
4141094	19
1483233	20
1037986	21
338	22
539302	23
558112	24
774176	25
3258443	26
3094997	27
2191253	28
6145350	29
3844304	30
1197175	31
459689	32
2580411	33
21907115	34
39	35
1530690	36
476784	37
2550485	38
689448	39
1539130	40
1772985	41
1704050	42
3621073	43
1925886	44
8912105	45
756407	46
695760	47
557764	48
828381	49
2271528	50
2021910	51
1209015	52
1351281	53
2733057	54
1928089	55
3816685	56
4768414	57
2765483	58
2437707	59
1870611	60
3979559	61
298566	62
3571626	63
208257	64
1581335	65
6285584	66
1582246	67
3569173	68
553496	69
1057997	70
2417067	71
988869	72
2248760	73
1958749	74
3708807	75
153632	76
2702518	77
1528544	78
1759855	79
1583744	80
1169043	81
1404646	82
2955954	83
1180008	84
2995814	85
12434547	86
929371	87
1420206	88
3574351	89
2383523	90
590890	91
1800959	92
265761	93
890457	94
297989	95
2222528	96
2448319	97
1446852	98
2992008	99
821228	100
2117033	101
2401065	102
1532140	103
147184	104
1702640	105
1552065	106
1194262	107
6659040	108
1946126	109
273710	110
1435864	111
2621648	112
2744565	113
992643	114
268713	115
845575	116
655936	117
2379767	118
451078	119
596571	120
3106782	121
2151060	122
248396	123
651852	124
1116341	125
741727	126
291242	127
8218310	128
52769	129
2674664	130
1560021	131
3115859	132
2364225	133
1793893	134
682321	135
6392312	136
195843	137
1251053	138
246196	139
742713	140
1949959	141
422547	142
1215056	143
266530	144
2894394	145
5983684	146
766332	147
632128	148
710591	149
646669	150
653827	151
3566748	152
3352370	153
717933	154
184073	155
3030783	156
2583222	157
2246150	158
259968	159
2090411	160
2629340	161
296701	162
298820	163
917497	164
251384	165
2162720	166
2456451	167
2299230	168
2360345	169
812502	170
1865315	171
3223316	172
2020451	173
3847149	174
3703598	175
1368822	176
280666	177
2579354	178
1700909	179
3430550	180
1083034	181
1741728	182
3964202	183
2628167	184
1614711	185
1580603	186
2100575	187
845026	188
1020410	189
516054	190
1854765	191
788444	192
1441225	193
935881	194
2441327	195
2646978	196
1361959	197
836399	198
615195	199
840405	200
1874572	201
8467227	202
460373	203
2509255	204
709644	205
802795	206
4623596	207
2985576	208
2344372	209
2142166	210
2309231	211
3303138	212
1947046	213
730858	214
445147	215
317442	216
933856	217
2319534	218
70066	219
181100	220
4310897	221
558873	222
2807954	223
4053273	224
1470912	225
2389691	226
3042929	227
477680	228
3824241	229
886179	230
5049175	231
4453415	232
1911359	233
2037131	234
823755	235
2769478	236
12342865	237
1088587	238
379971	239
4055335	240
6418859	241
780306	242
3703144	243
1592027	244
544257	245
231674	246
15350275	247
2168010	248
3495397	249
206003	250
1396758	251
2772033	252
2362773	253
2096772	254
1027007	255
13956	256
3740298	257
1153011	258
5563242	259
2007733	260
1231612	261
1644895	262
1099951	263
3297084	264
1892861	265
2723251	266
1083285	267
685402	268
2146181	269
2407927	270
709093	271
183275	272
2328605	273
1334422	274
2496578	275
1063125	276
608163	277
466670	278
3488355	279
9370166	280
1038997	281
2335223	282
476385	283
3991009	284
610783	285
2074031	286
1162744	287
430503	288
1983522	289
2205076	290
1554570	291
134448	292
1281438	293
55372	294
3534814	295
693568	296
618623	297
1601626	298
2785339	299
723471	300
683763	301
1466506	302
302437	303
3034855	304
924418	305
2379815	306
825680	307
479071	308
1047736	309
2514971	310
2214218	311
953764	312
2683147	313
2526512	314
9536096	315
3651623	316
2473616	317
7207858	318
384956	319
621557	320
1315779	321
1014565	322
177428	323
757448	324
1929109	325
4976982	326
771970	327
17028115	328
3146954	329
910080	330
1520164	331
1973513	332
1864661	333
2880604	334
1622928	335
168090	336
1058499	337
3837544	338
982019	339
977633	340
2322517	341
1247508	342
3390105	343
2409576	344
4316151	345
1831843	346
8799	347
1467923	348
4189378	349
1586554	350
5227203	351
2227125	352
2233245	353
3239272	354
1730569	355
5316214	356
2552218	357
249327	358
630433	359
2232134	360
2208686	361
7758077	362
5063763	363
1073389	364
977713	365
206971	366
1253331	367
2928452	368
926057	369
2846356	370
31529	371
3883699	372
1042599	373
880574	374
641860	375
1242513	376
4272440	377
1401968	378
828467	379
102071	380
1625486	381
163293	382
684434	383
42276	384
2417869	385
2215991	386
2767535	387
939980	388
1227283	389
2971638	390
697796	391
2717927	392
12541024	393
2281230	394
1059672	395
3097894	396
1910215	397
413310	398
2968948	399
932233	400
13356091	401
52077	402
3853511	403
1744615	404
687505	405
650168	406
3084624	407
836514	408
3662290	409
1821399	410
1173088	411
2941223	412
993682	413
2837799	414
924216	415
4893496	416
2467174	417
830376	418
2584912	419
912969	420
89295	421
1440938	422
1977467	423
1351045	424
1522305	425
129458	426
1144581	427
1444281	428
644962	429
1361621	430
3748651	431
1120366	432
1130292	433
1007249	434
1041860	435
1954249	436
2168897	437
871600	438
873365	439
2098724	440
1836757	441
4044589	442
1150935	443
1447121	444
1312498	445
642332	446
278426	447
1153276	448
4229564	449
981619	450
451382	451
1045248	452
2067459	453
193228	454
1737956	455
1910838	456
115553	457
1578215	458
696173	459
975375	460
240	461
2406768	462
683514	463
727164	464
328951	465
1578150	466
873202	467
1229781	468
971546	469
4365862	470
2150775	471
894235	472
1713880	473
2357408	474
3746251	475
2120247	476
2402378	477
35974	478
2111971	479
4260747	480
1927922	481
1181889	482
1987761	483
3765162	484
1078157	485
902190	486
1429130	487
3467844	488
2640049	489
3684785	490
144258	491
1203483	492
1715010	493
28786	494
2083849	495
949887	496
1052965	497
2691202	498
4007199	499
1704712	500
725837	501
1547184	502
1204854	503
3000008	504
1204290	505
337136	506
5693063	507
897193	508
172956	509
6987430	510
1321944	511
2659423	512
899526	513
1650590	514
188335	515
204837	516
253589	517
467578	518
3188322	519
1215353	520
246903	521
2112806	522
2870060	523
1755595	524
1535066	525
2026641	526
1159286	527
853339	528
1570674	529
1577818	530
827351	531
1517348	532
602001	533
549888	534
2582771	535
3329295	536
1361754	537
1657243	538
2118877	539
2567051	540
1395203	541
1716355	542
1830033	543
2313135	544
766325	545
2243724	546
1742689	547
731200	548
287781	549
1227866	550
742336	551
12591447	552
140481	553
601393	554
855519	555
1550345	556
4452392	557
2713558	558
9805764	559
853482	560
536781	561
1317635	562
2967134	563
755603	564
276377	565
1745024	566
3833266	567
1880710	568
2368620	569
526474	570
873767	571
1452636	572
714149	573
404070	574
2890810	575
3321642	576
716910	577
167463	578
1796590	579
1418360	580
2723363	581
1047481	582
3180748	583
2132619	584
2846529	585
1700453	586
2700847	587
817468	588
931633	589
17095722	590
1344684	591
2662857	592
1379554	593
1310789	594
4196646	595
2795356	596
285278	597
714106	598
1033683	599
674114	600
78318	601
2175208	602
2877796	603
8285866	604
730479	605
2309760	606
206449	607
2432861	608
303790	609
897356	610
1241884	611
1828332	612
364064	613
2416215	614
3084556	615
382801	616
2968889	617
818228	618
2228803	619
1952350	620
3031225	621
843317	622
2447991	623
1007678	624
772153	625
4015948	626
99655	627
4306125	628
2518951	629
682911	630
1717838	631
2415364	632
995256	633
616440	634
2606519	635
2011883	636
3077408	637
2814124	638
1583959	639
402427	640
937913	641
3301146	642
385747	643
1472389	644
3466115	645
5676741	646
509821	647
303502	648
413386	649
1766178	650
2310458	651
2273048	652
1786741	653
615738	654
379190	655
3513546	656
572250	657
2377088	658
1239198	659
3018112	660
1319052	661
237963	662
3523229	663
3990040	664
741843	665
519140	666
1171191	667
1620090	668
1563964	669
1824047	670
1616045	671
575179	672
1013798	673
1684737	674
1942182	675
9364985	676
2762566	677
610376	678
2322324	679
273071	680
1110187	681
4653832	682
1302401	683
585390	684
2105382	685
2378064	686
2231878	687
2563442	688
731723	689
3100951	690
3456022	691
1116679	692
2305208	693
2973269	694
5265732	695
2014368	696
1729391	697
4418161	698
5232089	699
20839	700
704628	701
2424748	702
1154384	703
874699	704
3852533	705
1004565	706
904990	707
2881231	708
871366	709
2668568	710
3429009	711
836626	712
819317	713
2645005	714
541046	715
884644	716
1935072	717
583158	718
1719054	719
867032	720
1200821	721
194606	722
2506015	723
1041660	724
2064064	725
6582644	726
2184906	727
2894739	728
1787740	729
966474	730
568062	731
3342475	732
1274129	733
745460	734
1756087	735
2441857	736
594225	737
1280465	738
383138	739
2020234	740
1576274	741
9769881	742
1590410	743
3509222	744
2797118	745
1046205	746
814336	747
2589792	748
1135283	749
1109946	750
710535	751
2256838	752
440212	753
2509967	754
3188434	755
3936048	756
1982546	757
1379521	758
832088	759
3033011	760
4835175	761
4590553	762
2275866	763
2147660	764
979099	765
2981393	766
3596316	767
624974	768
798381	769
1349826	770
2061951	771
747447	772
2635788	773
3808074	774
5405421	775
1951816	776
2225200	777
1102127	778
739789	779
1476783	780
2074840	781
1060346	782
3774104	783
906875	784
1380387	785
3699538	786
2182822	787
684367	788
1757146	789
3643663	790
751784	791
2762381	792
963417	793
1453067	794
1183678	795
1656171	796
6623058	797
3015396	798
691632	799
744447	800
1684980	801
2775676	802
1268743	803
2555730	804
2533787	805
392086	806
1666419	807
661465	808
4117304	809
475246	810
849226	811
1410136	812
208226	813
6623373	814
2016756	815
947883	816
2196266	817
1416836	818
5692090	819
804007	820
2235098	821
4402500	822
892211	823
5172368	824
3587266	825
808386	826
4476512	827
10156	828
1451015	829
1066285	830
1032812	831
1225075	832
679211	833
1606012	834
2289808	835
3632174	836
1566911	837
2390633	838
384595	839
1808025	840
895614	841
3794009	842
606967	843
2109729	844
1087354	845
35553	846
2567983	847
1087127	848
3117129	849
421373	850
1434246	851
3342438	852
6062082	853
35215	854
1235530	855
198329	856
1946782	857
5254232	858
870570	859
2136892	860
513916	861
3555181	862
1325182	863
4641050	864
991088	865
10008479	866
4085870	867
2227248	868
1627022	869
1477353	870
500194	871
1168691	872
1706494	873
800920	874
658377	875
1479023	876
2753412	877
3066634	878
3583728	879
1074108	880
1610064	881
1492869	882
1913106	883
540673	884
6974221	885
271893	886
675061	887
4044552	888
617799	889
342976	890
2129429	891
1054472	892
2082387	893
2179121	894
2219494	895
3778162	896
659269	897
3029714	898
1080052	899
3237666	900
1175107	901
2919836	902
352215	903
718376	904
301943	905
4705867	906
584321	907
1860620	908
3552003	909
247051	910
2338929	911
1217695	912
3033952	913
3577664	914
687284	915
843757	916
798244	917
5709704	918
2181101	919
2520350	920
7334589	921
5485165	922
8632557	923
2306964	924
4399762	925
689388	926
443640	927
4216976	928
37701	929
2388280	930
4045856	931
540485	932
751977	933
3573045	934
436289	935
2600707	936
247402	937
1183990	938
1369136	939
1398516	940
790873	941
1522141	942
1018887	943
1148782	944
1226023	945
1068412	946
242374	947
3115540	948
793888	949
460008	950
2244993	951
1971650	952
1317056	953
1111625	954
132150	955
461141	956
231106	957
1417045	958
152322	959
1567825	960
455735	961
902032	962
4759891	963
3047421	964
1893471	965
3533850	966
2115647	967
3690105	968
1289266	969
6836179	970
3099652	971
609290	972
837152	973
264587	974
1306533	975
2595018	976
166708	977
585641	978
442000	979
1317221	980
4927997	981
2183951	982
2297575	983
1978699	984
1778537	985
1987909	986
2926455	987
3552751	988
872741	989
3742047	990
1128607	991
3150363	992
2120941	993
3897707	994
595916	995
1027697	996
1372105	997
1104457	998
1065344	999
1136754	1000
952468	1001
1222558	1002
115407	1003
1732358	1004
844886	1005
3491717	1006
2914698	1007
678930	1008
2231359	1009
814231	1010
518008	1011
1659202	1012
2940994	1013
2189820	1014
2217912	1015
3146635	1016
793514	1017
2416011	1018
597611	1019
683576	1020
246395	1021
1414774	1022
1969942	1023
3253685	1024
567794	1025
5560353	1026
1583491	1027
281371	1028
8567909	1029
895249	1030
1230740	1031
753310	1032
1788883	1033
1303949	1034
512742	1035
1317118	1036
1570545	1037
930513	1038
51226	1039
450794	1040
406757	1041
700354	1042
1377485	1043
189562	1044
2314066	1045
2514774	1046
762683	1047
3257873	1048
14920818	1049
238045	1050
3055025	1051
233502	1052
2808438	1053
7722271	1054
497756	1055
805446	1056
18006678	1057
1466984	1058
1418216	1059
7593060	1060
1050343	1061
108233	1062
1000808	1063
1147886	1064
981945	1065
2900019	1066
1938984	1067
2340752	1068
403814	1069
3209711	1070
570941	1071
713985	1072
2299456	1073
4657176	1074
640895	1075
2436437	1076
1819422	1077
919791	1078
981035	1079
981833	1080
1780542	1081
696903	1082
3257752	1083
925015	1084
1691905	1085
874206	1086
2187277	1087
3822994	1088
330004	1089
630835	1090
669958	1091
3564037	1092
3679248	1093
2117416	1094
717517	1095
2741725	1096
2870162	1097
693387	1098
2148139	1099
1053162	1100
189343	1101
1065526	1102
915138	1103
1709101	1104
388146	1105
1579215	1106
2419700	1107
1653963	1108
644384	1109
563228	1110
1762862	1111
1397951	1112
2201931	1113
1298670	1114
769640	1115
76346	1116
601565	1117
3783441	1118
34929	1119
3953941	1120
2012871	1121
1349814	1122
1802810	1123
3823170	1124
551572	1125
2398454	1126
1902553	1127
1474168	1128
4072782	1129
5833917	1130
2350258	1131
1738942	1132
412228	1133
1614533	1134
789217	1135
681055	1136
1858165	1137
2287804	1138
685812	1139
3260602	1140
3228136	1141
7064808	1142
2070996	1143
1254853	1144
935278	1145
1249176	1146
7778391	1147
214136	1148
895536	1149
1347357	1150
2857387	1151
2342499	1152
674340	1153
1183226	1154
2022938	1155
2861826	1156
708327	1157
531406	1158
12365141	1159
3839063	1160
97390	1161
2905153	1162
1274716	1163
1712510	1164
692837	1165
1558815	1166
2429399	1167
2669755	1168
83128	1169
639860	1170
5205099	1171
1947060	1172
1155608	1173
1144260	1174
1481013	1175
4462283	1176
881135	1177
1375256	1178
1167681	1179
4338939	1180
3288550	1181
630066	1182
3080466	1183
2167139	1184
8565160	1185
3488293	1186
2564172	1187
1576703	1188
8731538	1189
1723305	1190
1808791	1191
3964139	1192
1496470	1193
234195	1194
1828764	1195
723385	1196
2489402	1197
2839215	1198
527644	1199
2363817	1200
2294938	1201
3270496	1202
284259	1203
7926207	1204
1186980	1205
3721650	1206
2464077	1207
1921986	1208
2403027	1209
2400410	1210
1948630	1211
7001634	1212
1026726	1213
2110812	1214
28643	1215
13821745	1216
2325193	1217
3331348	1218
6998597	1219
2501531	1220
2022907	1221
7301562	1222
4562668	1223
4912381	1224
600758	1225
645955	1226
8463037	1227
2796091	1228
2055828	1229
1230595	1230
713444	1231
6535858	1232
688715	1233
3624785	1234
2551507	1235
7083059	1236
2884745	1237
1324009	1238
438957	1239
1117768	1240
6272149	1241
251786	1242
2413605	1243
1582827	1244
494115	1245
1265204	1246
796439	1247
1907965	1248
8952	1249
2167495	1250
9568456	1251
11329543	1252
4042860	1253
2579783	1254
794805	1255
249596	1256
891803	1257
5132828	1258
222080	1259
3368486	1260
2462658	1261
564862	1262
2769935	1263
697121	1264
1500295	1265
1302669	1266
1587560	1267
1216770	1268
1169391	1269
1103780	1270
2421843	1271
2039703	1272
2011702	1273
2735273	1274
1553296	1275
1452006	1276
294260	1277
2044406	1278
5813705	1279
367234	1280
1567388	1281
1454501	1282
1133670	1283
3904507	1284
1720000	1285
446110	1286
4084663	1287
2327447	1288
2499843	1289
2079	1290
4143682	1291
1730165	1292
2134438	1293
761065	1294
1465768	1295
1871877	1296
2808384	1297
1200757	1298
616418	1299
48430	1300
3144895	1301
2267332	1302
4358296	1303
6606433	1304
2147772	1305
3324445	1306
2683259	1307
34237	1308
8994652	1309
9364647	1310
1118608	1311
658526	1312
1407696	1313
1338776	1314
2467188	1315
7672292	1316
2658334	1317
277500	1318
4645499	1319
2078358	1320
2008330	1321
6603201	1322
3847470	1323
596344	1324
1296918	1325
5081580	1326
295707	1327
2192598	1328
1591565	1329
3412140	1330
2629435	1331
1351672	1332
916900	1333
2079223	1334
1481649	1335
2870287	1336
1410559	1337
989286	1338
1710408	1339
1217387	1340
650	1341
4867528	1342
1648117	1343
10905	1344
2109040	1345
1366670	1346
291800	1347
3204453	1348
2511733	1349
5256547	1350
13533279	1351
4945000	1352
25072	1353
1199915	1354
213044	1355
3968887	1356
710877	1357
4200873	1358
7332659	1359
9872500	1360
862474	1361
1835072	1362
1422904	1363
677194	1364
2376584	1365
979684	1366
3859614	1367
2343947	1368
1518775	1369
8961638	1370
11328856	1371
3034248	1372
2749711	1373
4796	1374
5312897	1375
1133281	1376
2116323	1377
205364	1378
4999728	1379
4370451	1380
541834	1381
2160921	1382
643193	1383
2233144	1384
1503961	1385
5220399	1386
1897137	1387
512051	1388
872022	1389
1153821	1390
4896278	1391
2591120	1392
1706554	1393
1210780	1394
662530	1395
9851275	1396
1186889	1397
878260	1398
666680	1399
285449	1400
1895590	1401
275617	1402
995918	1403
10689950	1404
761561	1405
1016996	1406
265740	1407
2556764	1408
185705	1409
4929228	1410
1592998	1411
1195415	1412
3516667	1413
1122759	1414
2865900	1415
204509	1416
2809527	1417
2819487	1418
159904	1419
1460887	1420
3006554	1421
455985	1422
1988140	1423
1904370	1424
934854	1425
1653921	1426
4002607	1427
2696604	1428
361272	1429
261407	1430
2927015	1431
298900	1432
2394736	1433
3503308	1434
932098	1435
1439270	1436
362853	1437
2348808	1438
16640522	1439
1573232	1440
686130	1441
849081	1442
1467219	1443
1855120	1444
754718	1445
730345	1446
2508439	1447
2212562	1448
443267	1449
1067716	1450
5757615	1451
1837326	1452
270084	1453
2554699	1454
2392762	1455
11908012	1456
3992793	1457
423662	1458
4973171	1459
2566972	1460
2847282	1461
1633095	1462
2794155	1463
3135619	1464
1808024	1465
452518	1466
3009446	1467
1267235	1468
144291	1469
1862638	1470
506626	1471
697388	1472
2418139	1473
390936	1474
3791469	1475
703769	1476
5412785	1477
4376526	1478
4034917	1479
3089825	1480
2703670	1481
1553826	1482
4610128	1483
2290165	1484
1989861	1485
2466216	1486
1219303	1487
3474735	1488
6486813	1489
3059514	1490
590498	1491
1280462	1492
2213102	1493
425681	1494
1431029	1495
1073915	1496
1257957	1497
3397586	1498
1461380	1499
3899968	1500
1503591	1501
747340	1502
11437646	1503
3412123	1504
414755	1505
3782196	1506
773365	1507
3178776	1508
705795	1509
1442579	1510
2315194	1511
1417920	1512
1518374	1513
6514428	1514
1204942	1515
2290904	1516
2695053	1517
3448801	1518
1936658	1519
982554	1520
7045776	1521
1788901	1522
857169	1523
1468554	1524
2491557	1525
3660623	1526
687975	1527
1137193	1528
579128	1529
2432596	1530
426932	1531
1162687	1532
3043619	1533
2824339	1534
940235	1535
5065885	1536
2399449	1537
158509	1538
2923479	1539
1856453	1540
622281	1541
1848740	1542
1312322	1543
1432467	1544
2680291	1545
959156	1546
426961	1547
2298481	1548
687343	1549
847829	1550
826086	1551
3421987	1552
2380281	1553
2094107	1554
2549544	1555
893132	1556
2514346	1557
1710726	1558
2858969	1559
2869087	1560
5202721	1561
1567055	1562
1176354	1563
1141267	1564
4039473	1565
680821	1566
1133875	1567
2415827	1568
2372614	1569
2440814	1570
2936368	1571
1822461	1572
7397472	1573
174043	1574
