3522	555
3522	1232
3522	3271
378	244
378	1835
378	505
975	244
975	317
975	1798
1719	16
1719	303
1719	235
523	304
523	933
523	1755
2897	813
2897	903
2897	1755
1651	1067
1651	3534
1651	2919
580	2244
580	317
580	483
213	244
213	202
213	371
1654	7871
1654	1122
1654	1396
1052	280
1052	4857
1052	1413
273	2207
273	363
273	1198
851	117
851	229
851	747
844	2207
844	295
844	262
3523	319
3523	697
3523	1773
2448	390
2448	488
2448	263
3301	437
3301	5296
3301	72
1019	479
1019	1069
1019	1234
1723	1666
1723	275
1723	2650
1415	1816
1415	8199
1415	72
2262	555
2262	6186
2262	225
1703	304
1703	7066
1703	1628
1488	1666
1488	1470
1488	418
2529	7723
2529	4730
2529	1209
959	1229
959	603
959	1929
1849	256
1849	14
1849	72
2377	2856
2377	1424
2377	567
1799	1302
1799	529
1799	37
2754	2207
2754	443
2754	2478
3506	13
3506	2579
3506	2546
634	595
634	335
634	992
1520	3333
1520	634
1520	2067
2939	3333
2939	317
2939	1929
2659	1987
2659	338
2659	210
423	1057
423	1174
423	372
1181	741
1181	1122
1181	3513
192	117
192	2364
192	1833
1648	928
1648	2364
1648	68
1791	396
1791	2444
1791	68
1492	731
1492	317
1492	567
3270	1149
3270	1006
3270	3883
3045	1302
3045	2790
3045	241
1565	13
1565	327
1565	1607
1082	598
1082	700
1082	188
3453	627
3453	3589
3453	591
3286	595
3286	7229
3286	258
1547	3333
1547	383
1547	77
2358	655
2358	4673
2358	446
308	165
308	1317
308	112
2066	3161
2066	827
2066	990
3002	5632
3002	819
3002	37
3376	5393
3376	665
3376	1280
1016	39
1016	487
1016	2337
1188	598
1188	2105
1188	3125
693	5546
693	23
693	1413
126	848
126	363
126	857
1618	244
1618	970
1618	72
277	1067
277	67
277	578
1200	5081
1200	914
1200	990
2556	1863
2556	1024
2556	669
415	1863
415	1024
415	72
776	957
776	1586
776	37
2263	1057
2263	665
2263	567
2326	179
2326	481
2326	995
441	16
441	700
441	251
2499	2750
2499	851
2499	567
2445	2351
2445	63
2445	1345
599	722
599	275
599	251
3408	498
3408	23
3408	3728
1901	424
1901	130
1901	1507
426	319
426	1586
426	1086
2828	5087
2828	367
2828	147
1904	1817
1904	1144
1904	3587
115	560
115	815
115	2166
1781	302
1781	815
1781	1607
1922	928
1922	1688
1922	2276
1015	957
1015	2277
1015	4840
2908	244
2908	914
2908	6261
1341	1223
1341	4550
1341	436
1431	2207
1431	673
1431	544
491	817
491	247
491	258
421	2207
421	914
421	1670
2722	3045
2722	111
2722	709
1066	1340
1066	105
1066	263
3349	1474
3349	363
3349	567
1367	158
1367	379
1367	2517
1614	627
1614	338
1614	6509
484	290
484	14
484	258
3432	555
3432	5143
3432	2728
2405	2485
2405	84
2405	483
1084	2207
1084	903
1084	1649
2688	290
2688	84
2688	78
2660	655
2660	2456
2660	1173
2471	3461
2471	603
2471	1076
288	479
288	322
288	264
208	1042
208	105
208	1282
3223	244
3223	1994
3223	642
671	39
671	1994
671	642
1487	1488
1487	322
1487	258
2336	7652
2336	1130
2336	1755
3492	928
3492	1835
3492	4660
1872	2892
1872	1402
1872	287
220	2425
220	905
220	85
531	655
531	1122
531	210
2840	655
2840	1122
2840	1619
1435	1817
1435	905
1435	89
1929	1810
1929	901
1929	1119
1228	3076
1228	1422
1228	282
5	244
5	914
5	241
696	560
696	1122
696	1813
799	3461
799	10
799	1396
938	1457
938	322
938	542
1398	302
1398	1122
1398	1076
1787	6580
1787	322
1787	225
1511	498
1511	170
1511	4014
659	118
659	1348
659	642
2307	929
2307	481
2307	3380
1588	1725
1588	2165
1588	1328
1634	589
1634	529
1634	421
2036	39
2036	937
2036	4897
417	929
417	105
417	2276
3536	1223
3536	288
3536	360
879	3758
879	105
879	5475
1011	817
1011	2267
1011	990
3024	3255
3024	2751
3024	703
2021	3383
2021	2172
2021	767
2890	31
2890	632
2890	378
699	1440
699	4112
699	112
2093	1172
2093	529
2093	95
2751	1172
2751	7009
2751	30
2995	1172
2995	4673
2995	30
34	1091
34	914
34	723
247	1725
247	5207
247	72
2572	1050
2572	368
2572	703
2496	6427
2496	1239
2496	1234
2682	16
2682	2751
2682	575
3133	1953
3133	2569
3133	1920
388	319
388	1424
388	625
2091	1172
2091	942
2091	378
803	928
803	905
803	4498
2298	2750
2298	373
2298	3298
539	718
539	819
539	37
2911	874
2911	933
2911	1173
2794	1874
2794	368
2794	3949
2934	6089
2934	1008
2934	4348
1818	302
1818	665
1818	682
2055	1158
2055	1174
2055	523
1022	213
1022	667
1022	625
884	672
884	1112
884	72
1	122
1	1100
1	0
2638	4051
2638	487
2638	2017
76	118
76	363
76	344
2753	2351
2753	1186
2753	258
1148	319
1148	572
1148	345
2444	616
2444	383
2444	446
74	244
74	1317
74	174
1495	302
1495	606
1495	378
575	1795
575	368
575	1507
657	213
657	107
657	282
143	2106
143	32
143	2876
3209	420
3209	2511
3209	4109
929	598
929	63
929	5655
1050	2361
1050	603
1050	264
2686	3572
2686	368
2686	1844
2002	1051
2002	1130
2002	2276
2853	479
2853	1573
2853	37
522	284
522	481
522	683
230	518
230	23
230	862
93	555
93	914
93	251
430	304
430	368
430	523
51	39
51	67
51	78
3004	2485
3004	1168
3004	3868
3483	2937
3483	673
3483	1085
2412	1395
2412	3062
2412	6586
2799	16
2799	545
2799	2107
2698	319
2698	2720
2698	112
1286	280
1286	471
1286	4728
1506	244
1506	363
1506	625
2278	420
2278	781
2278	1676
114	302
114	1338
114	862
2954	5307
2954	815
2954	1507
2902	394
2902	2250
2902	1234
2488	414
2488	1470
2488	1328
373	957
373	700
373	567
2256	319
2256	665
2256	839
2188	655
2188	67
2188	1328
2691	1594
2691	830
2691	558
705	1899
705	3813
705	72
1871	4095
1871	615
1871	0
528	1050
528	1541
528	372
459	570
459	2099
459	1705
1133	16
1133	5649
1133	89
1881	4144
1881	984
1881	2109
424	957
424	580
424	5435
377	118
377	1688
377	1328
988	627
988	3258
988	85
1432	178
1432	708
1432	1867
258	754
258	2456
258	372
2116	2234
2116	815
2116	37
80	917
80	107
80	2187
857	3090
857	1477
857	723
2959	724
2959	1427
2959	881
3549	2752
3549	2575
3549	1258
2593	649
2593	1427
2593	729
1620	290
1620	632
1620	422
2467	479
2467	3280
2467	3188
1010	424
1010	169
1010	135
2961	4144
2961	338
2961	446
3377	1877
3377	32
3377	567
2620	2752
2620	673
2620	714
2195	284
2195	356
2195	567
942	928
942	202
942	241
859	508
859	1712
859	241
3400	302
3400	2289
3400	567
2342	1089
2342	2437
2342	404
26	1581
26	572
26	0
1448	498
1448	615
1448	258
21	2028
21	305
21	567
402	179
402	766
402	1670
2063	319
2063	1949
2063	1426
1215	498
1215	419
1215	210
310	598
310	1835
310	3658
1676	302
1676	4942
1676	264
66	1223
66	529
66	72
2561	1899
2561	322
2561	444
2971	165
2971	4596
2971	85
2675	897
2675	580
2675	2317
1824	724
1824	697
1824	1385
547	290
547	4112
547	241
1814	290
1814	3362
1814	241
3528	570
3528	2034
3528	838
1910	1916
1910	2366
1910	808
2575	3757
2575	545
2575	4328
2030	508
2030	933
2030	767
407	2539
407	7489
407	544
1371	655
1371	3499
1371	2120
231	6392
231	3253
231	85
3486	3861
3486	1174
3486	37
99	848
99	2474
99	1234
2614	1018
2614	403
2614	1316
1203	1395
1203	1688
1203	578
3303	245
3303	1392
3303	975
3093	555
3093	4076
3093	574
2417	479
2417	2751
2417	767
611	2766
611	551
611	78
2010	65
2010	2870
2010	683
157	698
157	2506
157	1326
397	1440
397	2506
397	78
620	1947
620	63
620	1597
1457	118
1457	379
1457	3188
991	929
991	903
991	258
682	331
682	23
682	707
1162	1581
1162	901
1162	78
1874	928
1874	1254
1874	2438
338	406
338	603
338	1860
1175	1581
1175	970
1175	1352
2449	179
2449	481
2449	1065
777	508
777	726
777	72
852	406
852	67
852	143
2805	672
2805	2468
2805	72
2224	233
2224	338
2224	1263
302	213
302	5
302	3749
1180	616
1180	617
1180	2438
2816	1488
2816	766
2816	1597
3085	1261
3085	1835
3085	4269
999	118
999	2289
999	2728
2274	118
2274	2289
2274	217
1704	430
1704	4900
1704	953
2458	655
2458	4900
2458	85
3538	13
3538	1657
3538	1159
544	290
544	603
544	4728
3569	290
3569	1949
3569	558
91	1057
91	1948
91	1085
2552	390
2552	32
2552	423
1053	1223
1053	5
1053	723
3505	843
3505	673
3505	3883
3007	563
3007	1493
3007	235
755	319
755	565
755	282
2291	655
2291	145
2291	210
33	570
33	383
33	72
2389	1103
2389	412
2389	1396
1029	463
1029	191
1029	0
2719	394
2719	529
2719	421
3535	649
3535	2309
3535	1824
448	627
448	577
448	258
583	1816
583	970
583	241
1336	479
1336	787
1336	1200
2680	1980
2680	1605
2680	258
1118	722
1118	383
1118	3964
483	39
483	2951
483	1328
2213	1184
2213	4112
2213	264
1045	302
1045	708
1045	72
505	479
505	1392
505	446
792	1666
792	367
792	264
636	13
636	1402
636	235
1753	414
1753	368
1753	5004
90	929
90	383
90	1914
196	1751
196	4391
196	263
719	1158
719	726
719	1241
2422	4366
2422	3893
2422	2032
1174	2374
1174	665
1174	0
207	570
207	305
207	1234
1227	570
1227	2123
1227	242
3121	3058
3121	63
3121	242
2875	319
2875	603
2875	2860
1869	570
1869	5274
1869	2032
3388	43
3388	4112
3388	870
1775	244
1775	1041
1775	567
1860	1091
1860	1596
1860	683
2873	705
2873	4112
2873	1147
890	1172
890	580
890	2480
147	479
147	1448
147	870
1568	406
1568	107
1568	2109
201	118
201	529
201	436
1428	244
1428	488
1428	72
2835	88
2835	322
2835	2565
2183	8506
2183	23
2183	112
556	928
556	23
556	1705
2284	319
2284	766
2284	3193
116	570
116	914
116	642
2796	463
2796	2309
2796	30
180	1837
180	1402
180	695
1153	5029
1153	4360
1153	1234
2352	4243
2352	442
2352	241
2579	2987
2579	412
2579	2120
365	1464
365	32
365	241
1122	508
1122	1174
1122	544
1576	655
1576	379
1576	1813
1744	2264
1744	2002
1744	3469
1800	43
1800	561
1800	4951
2573	165
2573	865
2573	446
3186	5795
3186	401
3186	483
1743	928
1743	781
1743	1673
422	489
422	105
422	241
1222	1018
1222	5580
1222	2728
257	508
257	789
257	282
1099	1018
1099	3406
1099	1234
1001	929
1001	1360
1001	4675
1396	655
1396	700
1396	2020
901	2114
901	2573
901	753
65	498
65	170
65	703
1786	479
1786	665
1786	2669
911	2621
911	368
911	1287
1850	929
1850	3522
1850	1328
2831	1987
2831	170
2831	1212
2372	2207
2372	1494
2372	523
893	2210
893	785
893	574
2632	7375
2632	412
2632	1241
339	4095
339	545
339	258
1038	463
1038	3258
1038	258
327	977
327	554
327	574
1730	302
1730	63
1730	1673
712	1042
712	363
712	1673
3249	508
3249	1528
3249	1981
627	13
627	5
627	85
3015	570
3015	3128
3015	625
477	3090
477	565
477	446
2948	2210
2948	766
2948	72
1668	5365
1668	603
1668	235
1414	319
1414	379
1414	1012
2314	655
2314	379
2314	1012
112	570
112	1122
112	393
3545	319
3545	901
3545	4840
2607	1244
2607	2989
2607	5420
181	1042
181	363
181	241
40	1810
40	1348
40	1829
3527	2258
3527	107
3527	2318
1491	3170
1491	845
1491	1705
1947	724
1947	3258
1947	1157
1194	824
1194	2835
1194	703
321	39
321	805
321	5340
303	928
303	55
303	2869
3368	498
3368	369
3368	2086
745	5795
745	105
745	78
744	6428
744	708
744	217
3023	4708
3023	247
3023	1931
3295	390
3295	2026
3295	1280
3412	1980
3412	1008
3412	258
802	158
802	1586
802	4381
2453	331
2453	67
2453	1670
2965	741
2965	3581
2965	3166
1501	929
1501	3581
1501	483
2255	508
2255	1608
2255	360
517	1223
517	487
517	990
1381	672
1381	307
1381	1705
662	957
662	32
662	1212
361	957
361	133
361	1212
1680	41
1680	577
1680	72
819	1229
819	1268
819	483
340	479
340	2206
340	217
1566	319
1566	275
1566	2637
3460	87
3460	726
3460	3298
3458	3119
3458	815
3458	125
1546	915
1546	4611
1546	1263
2850	319
2850	4152
2850	862
3504	957
3504	665
3504	935
833	508
833	572
833	258
1794	1816
1794	572
1794	264
2772	508
2772	572
2772	2178
1251	498
1251	338
1251	691
2042	43
2042	4050
2042	483
3248	186
3248	1497
3248	2669
3078	1042
3078	6577
3078	264
923	598
923	107
923	219
3382	165
3382	700
3382	3579
1923	1816
1923	229
1923	0
233	598
233	237
233	143
2295	627
2295	105
2295	3008
3481	41
3481	317
3481	2439
2800	627
2800	1168
2800	68
1263	741
1263	845
1263	360
2667	616
2667	23
2667	4840
2045	118
2045	369
2045	723
2723	508
2723	903
2723	1234
2111	7268
2111	603
2111	2156
836	627
836	368
836	3057
2233	213
2233	294
2233	1221
395	13
395	247
395	1999
2841	302
2841	363
2841	2337
2409	390
2409	317
2409	2885
3307	595
3307	1800
3307	3167
3242	775
3242	1174
3242	333
765	290
765	107
765	1695
3109	7
3109	615
3109	1325
3105	7174
3105	2034
3105	68
137	4870
137	2034
137	258
2628	4870
2628	2034
2628	68
172	209
172	412
172	642
3499	4773
3499	442
3499	514
2566	244
2566	1745
2566	1085
603	244
603	727
603	27
2134	1296
2134	2380
2134	3679
1187	2425
1187	1332
1187	485
320	498
320	63
320	372
1337	65
1337	229
1337	2728
798	595
798	1659
798	417
1747	1947
1747	673
1747	378
2231	3084
2231	3505
2231	544
2604	508
2604	374
2604	544
2132	1810
2132	572
2132	360
2627	341
2627	392
2627	378
1965	1987
1965	3517
1965	339
460	39
460	133
460	360
2574	304
2574	614
2574	418
1152	5859
1152	305
1152	242
2783	555
2783	405
2783	241
2510	2440
2510	459
2510	1212
75	672
75	914
75	72
1206	16
1206	2773
1206	2107
1040	1395
1040	1360
1040	268
1996	5409
1996	107
1996	1015
582	1787
582	26
582	72
2128	928
2128	1122
2128	211
2520	1474
2520	565
2520	1328
3548	302
3548	1647
3548	85
2643	43
2643	569
2643	1782
1527	5158
1527	1455
1527	5714
2322	6098
2322	529
2322	1012
1766	563
1766	487
1766	372
2522	1184
2522	2954
2522	862
2260	1184
2260	2954
2260	96
736	304
736	905
736	808
674	1149
674	4281
674	879
2927	209
2927	914
2927	647
1803	570
1803	580
1803	241
2946	1998
2946	328
2946	72
1370	1998
1370	379
1370	282
492	627
492	942
492	1212
1324	1817
1324	229
1324	112
1311	1817
1311	572
1311	112
152	16
152	170
152	1396
1675	555
1675	914
1675	1920
2101	1089
2101	1946
2101	2317
810	555
810	105
810	808
673	165
673	322
673	264
392	304
392	105
392	1755
585	290
585	32
585	1226
197	598
197	673
197	1282
471	560
471	368
471	89
2778	302
2778	1007
2778	1385
49	570
49	32
49	1226
2133	319
2133	2033
2133	72
829	467
829	708
829	2032
3266	158
3266	1360
3266	1085
1920	39
1920	368
1920	691
488	555
488	5
488	72
239	3880
239	815
239	72
1322	1532
1322	383
1322	1821
210	2621
210	481
210	89
2912	817
2912	2150
2912	72
3205	929
3205	1857
3205	30
3076	921
3076	368
3076	2058
2272	957
2272	1422
2272	147
2259	555
2259	317
2259	1280
2032	233
2032	295
2032	263
576	479
576	295
576	263
1075	244
1075	1179
1075	72
3176	928
3176	1735
3176	1966
3448	2440
3448	63
3448	1012
1214	1595
1214	727
1214	691
3073	1508
3073	412
3073	2728
420	2937
420	850
420	3008
2708	117
2708	4391
2708	1966
132	627
132	363
132	241
3345	158
3345	2111
3345	372
3334	874
3334	317
3334	982
2057	874
2057	617
2057	30
563	165
563	481
563	372
1586	414
1586	1100
1586	1673
478	1395
478	914
478	574
1377	319
1377	14
1377	354
1650	566
1650	816
1650	4335
2184	165
2184	379
2184	3254
2103	1067
2103	170
2103	4497
1504	555
1504	5
1504	723
1832	1223
1832	1605
1832	1867
900	672
900	379
900	72
1055	406
1055	1400
1055	2040
1590	2151
1590	275
1590	1718
567	245
567	1348
567	121
292	2635
292	1254
292	2166
568	65
568	905
568	78
3083	2987
3083	2041
3083	300
3174	1987
3174	8737
3174	857
232	1987
232	845
232	1263
2426	1987
2426	845
2426	857
1672	1409
1672	4112
1672	251
3478	319
3478	2096
3478	713
1868	290
1868	272
1868	2477
2363	1595
2363	32
2363	372
2146	244
2146	805
2146	567
1265	1947
1265	766
1265	3682
332	598
332	332
332	242
2011	1998
2011	335
2011	1328
1638	39
1638	583
1638	2885
1938	1028
1938	376
1938	1352
2017	39
2017	804
2017	1425
427	2374
427	1470
427	324
3087	498
3087	1130
3087	1234
3447	560
3447	516
3447	1062
3355	2440
3355	942
3355	723
2299	1817
2299	317
2299	1507
1018	1184
1018	305
1018	378
2874	1492
2874	829
2874	625
334	43
334	368
334	1065
279	655
279	845
279	695
57	319
57	368
57	72
428	302
428	322
428	72
2823	390
2823	2698
2823	1707
2073	1409
2073	2698
2073	147
861	2482
861	4022
861	642
3461	1998
3461	322
3461	1385
316	463
316	383
316	27
2516	406
2516	614
2516	4464
658	623
658	1298
658	49
2547	3593
2547	580
2547	354
1851	655
1851	23
1851	360
1072	4414
1072	816
1072	753
166	165
166	170
166	601
177	1018
177	1174
177	72
1631	2640
1631	113
1631	446
1686	319
1686	67
1686	2860
1845	319
1845	552
1845	1234
2601	616
2601	2735
2601	3271
694	1054
694	322
694	4065
1161	1457
1161	905
1161	345
1679	1067
1679	1123
1679	625
2931	1075
2931	488
2931	1328
1067	1172
1067	572
1067	264
229	1302
229	307
229	1705
494	655
494	1239
494	264
1902	2253
1902	4519
1902	5094
3254	1223
3254	2444
3254	1413
31	2744
31	412
31	544
224	976
224	545
224	653
2613	1540
2613	702
2613	935
1169	3487
1169	592
1169	703
2785	3487
2785	473
2785	703
928	1302
928	362
928	282
883	508
883	878
883	282
1528	1987
1528	561
1528	3103
1508	3525
1508	529
1508	1282
1790	301
1790	1112
1790	2869
749	65
749	234
749	1798
913	722
913	1949
913	2265
2992	2106
2992	383
2992	5340
2480	1329
2480	1470
2480	1844
2310	1581
2310	478
2310	963
2789	1184
2789	1174
2789	360
703	627
703	67
703	1212
274	555
274	383
274	2665
2469	563
2469	1100
2469	578
3442	2467
3442	2291
3442	1813
443	16
443	202
443	264
805	928
805	379
805	6509
1468	301
1468	4694
1468	1396
762	1018
762	905
762	188
1014	244
1014	700
1014	992
2261	1184
2261	914
2261	97
3518	4268
3518	275
3518	2544
3472	118
3472	1449
3472	446
2869	2207
2869	67
2869	1603
294	158
294	379
294	1234
1645	570
1645	405
1645	507
1712	560
1712	1068
1712	918
2622	245
2622	3406
2622	2224
1305	560
1305	905
1305	300
1256	604
1256	383
1256	1212
1900	2207
1900	398
1900	1085
1463	341
1463	295
1463	1328
211	118
211	529
211	241
2200	917
2200	229
2200	870
1853	3779
1853	850
1853	1607
307	598
307	63
307	675
2289	2298
2289	865
2289	69
3177	43
3177	673
3177	483
2482	1120
2482	379
2482	78
989	1725
989	903
989	2728
82	43
82	271
82	953
2114	13
2114	14
2114	2723
886	39
886	1021
886	181
2192	1922
2192	1529
2192	37
485	420
485	827
485	217
570	917
570	229
570	217
2524	2210
2524	2077
2524	2337
1480	117
1480	692
1480	72
3113	3161
3113	692
3113	72
2536	518
2536	4509
2536	713
2072	560
2072	5267
2072	1065
1767	1452
1767	2569
1767	729
870	627
870	32
870	446
3215	4082
3215	554
3215	315
119	1067
119	766
119	2448
77	1067
77	363
77	2032
543	817
543	914
543	990
70	655
70	3459
70	3463
1086	479
1086	328
1086	110
918	498
918	237
918	251
1637	928
1637	3306
1637	808
1630	1154
1630	5
1630	110
2383	508
2383	665
2383	622
3196	244
3196	1800
3196	935
1131	1375
1131	368
1131	85
2487	117
2487	1678
2487	72
612	302
612	368
612	360
2560	290
2560	335
2560	4641
864	48
864	700
864	262
644	13
644	402
644	1346
241	1018
241	271
241	4459
2437	741
2437	368
2437	3952
3485	1138
3485	133
3485	7059
3390	16
3390	1778
3390	1597
533	2937
533	133
533	3286
1979	2937
1979	170
1979	78
2517	158
2517	2002
2517	78
2150	2766
2150	67
2150	1673
3043	2621
3043	383
3043	999
387	929
387	5
387	1173
2781	179
2781	905
2781	433
69	13
69	5
69	870
1854	319
1854	32
1854	1607
2171	1229
2171	4732
2171	112
3059	929
3059	6186
3059	1385
2013	2761
2013	369
2013	767
1275	1581
1275	1470
1275	89
20	1014
20	271
20	30
2584	4095
2584	338
2584	324
1358	16
1358	322
1358	2726
2645	790
2645	5
2645	2187
1994	722
1994	57
1994	77
3567	16
3567	170
3567	1556
2252	957
2252	379
2252	1085
1691	165
1691	379
1691	868
1004	2635
1004	903
1004	285
2666	3028
2666	829
2666	2544
1573	1488
1573	202
1573	574
1179	957
1179	583
1179	2780
1878	3446
1878	130
1878	217
406	929
406	322
406	3235
1032	4144
1032	368
1032	446
2636	118
2636	55
2636	2042
2335	1223
2335	665
2335	1328
800	414
800	1066
800	1065
1884	479
1884	1639
1884	263
1049	1590
1049	592
1049	258
1388	406
1388	305
1388	91
164	1395
164	766
164	217
2855	2374
2855	368
2855	427
2554	2374
2554	368
2554	2067
2043	2208
2043	665
2043	683
1627	445
1627	8690
1627	77
508	1698
508	933
508	258
2318	245
2318	303
2318	258
2901	165
2901	4288
2901	2017
128	290
128	107
128	78
862	724
862	749
862	802
2420	2640
2420	4673
2420	3060
1885	2621
1885	63
1885	1396
2635	1581
2635	317
2635	241
2603	929
2603	1338
2603	112
447	39
447	1338
447	345
2270	2621
2270	237
2270	1694
1499	4435
1499	1907
1499	285
3195	479
3195	726
3195	823
2656	209
2656	379
2656	1582
588	724
588	142
588	1677
1100	1440
1100	383
1100	857
2968	598
2968	236
2968	2032
2503	1980
2503	107
2503	2032
3227	996
3227	1379
3227	211
1927	233
1927	170
1927	4248
1062	1741
1062	845
1062	44
688	146
688	903
688	77
1116	118
1116	412
1116	258
646	1452
646	3599
646	30
2787	555
2787	5240
2787	567
2859	3656
2859	572
2859	567
1543	331
1543	379
1543	2058
490	1340
490	1635
490	669
1640	165
1640	704
1640	52
1599	1452
1599	369
1599	4467
1129	555
1129	405
1129	713
346	655
346	379
346	68
1696	1478
1696	405
1696	72
3220	165
3220	845
3220	1929
404	39
404	781
404	1708
101	598
101	914
101	72
144	604
144	3228
144	2669
1442	2076
1442	346
1442	683
1147	319
1147	565
1147	241
626	319
626	383
626	72
794	319
794	481
794	241
179	6674
179	766
179	30
2906	917
2906	903
2906	121
2822	817
2822	1129
2822	6249
1512	445
1512	1605
1512	483
2165	1042
2165	914
2165	1902
240	1395
240	63
240	440
2356	479
2356	1373
2356	1012
162	5040
162	338
162	701
108	570
108	261
108	1196
2446	790
2446	2341
2446	85
3491	672
3491	650
3491	1275
1274	627
1274	2579
1274	1554
740	928
740	1255
740	1025
399	3754
399	383
399	1196
2539	302
2539	4485
2539	625
1784	560
1784	1144
1784	870
3096	555
3096	1144
3096	523
1688	508
1688	234
1688	360
1309	508
1309	133
1309	37
1408	1998
1408	5370
1408	446
2034	116
2034	398
2034	78
2068	3371
2068	14
2068	324
1334	860
1334	338
1334	691
1575	2635
1575	700
1575	1665
812	244
812	55
812	2438
2736	616
2736	367
2736	3271
546	598
546	577
546	625
2367	2258
2367	234
2367	625
1172	148
1172	94
1172	287
983	872
983	327
983	1813
2576	929
2576	1144
2576	1020
2727	2374
2727	1185
2727	47
1271	244
1271	1778
1271	625
2588	301
2588	237
2588	423
1537	555
1537	6694
1537	883
2305	508
2305	1297
2305	263
2495	1660
2495	1949
2495	4762
228	1518
228	1068
228	360
216	319
216	305
216	2040
1117	319
1117	305
1117	3473
718	280
718	328
718	1345
3430	1725
3430	133
3430	243
1226	2635
1226	1029
1226	1914
645	118
645	327
645	241
2745	1711
2745	577
2745	567
3302	100
3302	67
3302	2032
1844	118
1844	1283
1844	2080
329	479
329	379
329	1813
2801	1440
2801	383
2801	2317
155	655
155	1068
155	683
3494	1003
3494	1608
3494	160
2439	118
2439	363
2439	6261
3040	199
3040	1524
3040	574
3576	1684
3576	5362
3576	625
1273	414
1273	1006
1273	1597
2391	239
2391	830
2391	1495
1360	957
1360	2111
1360	112
2204	1998
2204	660
2204	112
569	445
569	335
569	121
2368	489
2368	1283
2368	0
560	1457
560	1283
560	418
1633	2621
1633	1170
1633	1396
1724	4966
1724	2996
1724	548
2286	498
2286	469
2286	235
1003	4051
1003	632
1003	483
2986	4051
2986	632
2986	625
3143	6580
3143	224
3143	263
2210	595
2210	412
2210	85
642	595
642	2634
642	436
3173	2425
3173	20
3173	882
1352	2939
1352	1438
1352	96
2678	929
2678	113
2678	1705
1639	479
1639	481
1639	567
1769	489
1769	32
1769	953
3357	2207
3357	107
3357	625
3054	4066
3054	105
3054	1705
2905	4622
2905	798
2905	364
1466	39
1466	32
1466	2728
1733	16
1733	727
1733	1212
2703	319
2703	23
2703	7427
1321	319
1321	305
1321	1513
2746	3593
2746	561
2746	263
1476	872
1476	903
1476	1275
2108	929
2108	63
2108	30
2878	158
2878	1144
2878	262
1678	39
1678	700
1678	653
790	244
790	3307
790	683
2203	508
2203	2019
2203	468
1090	1184
1090	350
1090	1025
3146	3442
3146	325
3146	1649
1911	3724
1911	2511
1911	1025
944	929
944	368
944	85
3224	1340
3224	369
3224	2224
1344	245
1344	583
1344	282
3168	2976
3168	1639
3168	417
2544	280
2544	1360
2544	1199
830	2361
830	1110
830	262
1953	775
1953	2685
1953	1705
1496	929
1496	63
1496	300
660	598
660	133
660	2032
330	1751
330	105
330	1142
2989	4474
2989	191
2989	4059
2216	595
2216	989
2216	3057
1178	165
1178	2019
1178	1065
1395	165
1395	2019
1395	1821
3487	2621
3487	1448
3487	37
3373	2881
3373	2870
3373	263
3484	8473
3484	5
3484	0
1958	479
1958	665
1958	258
753	3412
753	1586
753	5055
1220	1416
1220	412
1220	52
2193	3161
2193	133
2193	683
1986	2361
1986	2241
1986	2844
442	547
442	2003
442	112
1507	570
1507	955
1507	188
479	566
479	878
479	574
1230	406
1230	271
1230	1065
2251	165
2251	1949
2251	574
2735	5960
2735	1734
2735	378
3415	817
3415	2944
3415	415
1391	239
1391	981
1391	2435
1984	3134
1984	63
1984	1755
259	290
259	1498
259	1065
1450	302
1450	1498
1450	91
2435	3903
2435	905
2435	601
3403	13
3403	481
3403	2142
2477	1050
2477	2212
2477	85
209	2621
209	368
209	1150
565	2621
565	368
565	112
39	39
39	572
39	808
758	2114
758	845
758	709
2533	2114
2533	3407
2533	2302
285	1120
285	105
285	258
715	1050
715	3279
715	89
3125	2588
3125	2289
3125	282
2589	722
2589	4522
2589	315
1355	800
1355	229
1355	89
1150	800
1150	229
1150	112
617	2750
617	603
617	0
2129	3263
2129	2573
2129	217
1880	319
1880	335
1880	926
1302	39
1302	4050
1302	2728
550	1540
550	561
550	591
1662	165
1662	170
1662	1282
3471	4277
3471	271
3471	1914
1006	244
1006	379
1006	642
27	759
27	379
27	258
297	452
297	1179
297	567
367	555
367	1638
367	217
138	3575
138	338
138	242
1323	80
1323	1898
1323	82
2932	148
2932	1494
2932	1941
2086	479
2086	368
2086	2771
218	3921
218	368
218	1867
2726	1452
2726	6596
2726	1607
3185	1452
3185	6596
3185	112
2809	655
2809	667
2809	258
2665	1172
2665	1486
2665	567
252	65
252	603
252	5946
781	1149
781	2277
781	72
3331	2207
3331	603
3331	197
3051	2028
3051	1510
3051	1705
2557	3076
2557	383
2557	544
2714	301
2714	3258
2714	77
2891	2028
2891	3038
2891	112
3318	719
3318	57
3318	258
2130	118
2130	204
2130	96
473	2597
473	204
473	96
3395	87
3395	628
3395	68
111	655
111	379
111	1065
1699	39
1699	261
1699	3286
564	508
564	572
564	870
3437	2971
3437	346
3437	1705
1192	406
1192	5620
1192	263
2149	3401
2149	247
2149	300
2914	87
2914	662
2914	669
2434	213
2434	405
2434	360
953	2398
953	190
953	217
2410	165
2410	967
2410	3125
1456	498
1456	3338
1456	446
2457	320
2457	1066
2457	241
1436	165
1436	700
1436	1607
1167	1540
1167	3251
1167	483
2886	3760
2886	3598
2886	30
3145	244
3145	473
3145	2438
793	598
793	67
793	625
721	928
721	1618
721	2525
3097	1725
3097	105
3097	72
2105	7136
2105	8517
2105	72
1229	117
1229	605
1229	44
1092	3356
1092	487
1092	259
1035	9334
1035	1639
1035	1316
2834	319
2834	328
2834	3074
3358	1788
3358	529
3358	567
821	555
821	2364
821	372
839	1581
839	363
839	4525
906	244
906	1596
906	2780
701	1054
701	572
701	30
3190	722
3190	4532
3190	1914
727	722
727	551
727	89
2564	1666
2564	572
2564	2858
1571	555
1571	1374
1571	1346
2595	859
2595	1427
2595	89
3311	4004
3311	1179
3311	990
2922	1518
2922	1254
2922	358
3322	1067
3322	2312
3322	1280
1516	165
1516	766
1516	2166
1418	672
1418	14
1418	259
1967	65
1967	673
1967	1705
2330	872
2330	237
2330	3171
1653	5263
1653	1470
1653	1085
574	48
574	1112
574	446
1746	1581
1746	529
1746	258
1261	759
1261	1493
1261	3271
537	16
537	5860
537	315
2771	508
2771	2041
2771	525
1820	555
1820	32
1820	2067
2271	1817
2271	2041
2271	85
1544	1395
1544	190
1544	2661
1917	957
1917	1747
1917	360
1632	1998
1632	224
1632	483
1026	4573
1026	529
1026	300
323	2641
323	816
323	523
3192	1329
3192	1771
3192	1556
35	570
35	914
35	683
298	570
298	305
298	683
359	118
359	766
359	72
2953	118
2953	1098
2953	1897
666	479
666	305
666	358
3194	598
3194	7276
3194	857
431	598
431	1283
431	378
368	2258
368	914
368	990
503	848
503	580
503	1513
2918	555
2918	605
2918	3411
1281	1027
1281	442
1281	217
871	724
871	1283
871	713
511	957
511	335
511	2193
1024	957
1024	708
1024	2193
1244	1089
1244	142
1244	1085
2127	1223
2127	1112
2127	72
1125	1056
1125	1066
1125	147
3135	108
3135	551
3135	1280
552	1050
552	50
552	34
3572	319
3572	1029
3572	1849
1830	555
1830	1110
1830	3957
3027	244
3027	4112
3027	241
1647	1698
1647	529
1647	3732
3140	2361
3140	1866
3140	990
2135	2641
2135	5
2135	1450
55	560
55	572
55	324
2817	2736
2817	55
2817	2187
125	570
125	67
125	30
1417	872
1417	67
1417	30
2668	39
2668	572
2668	733
2767	463
2767	2688
2767	417
2009	7108
2009	1144
2009	1212
782	1581
782	32
782	1328
2997	1340
2997	1360
2997	1805
183	3050
183	816
183	1025
3335	1067
3335	7261
3335	2728
2205	2987
2205	665
2205	548
3544	100
3544	4251
3544	695
3214	2881
3214	1975
3214	2638
2484	2264
2484	2441
2484	1328
3188	655
3188	1122
3188	235
2050	595
2050	3756
2050	574
1673	4407
1673	379
1673	574
1560	43
1560	2506
1560	625
2416	39
2416	402
2416	1241
1914	437
1914	247
1914	1140
1667	1054
1667	2456
1667	1352
3570	178
3570	2019
3570	1655
68	467
68	1008
68	918
1096	3134
1096	2579
1096	235
3436	655
3436	204
3436	2438
1191	256
1191	368
1191	72
2957	1711
2957	63
2957	1707
3210	463
3210	481
3210	5418
2833	859
2833	2698
2833	440
2551	655
2551	3448
2551	3567
1684	2264
1684	170
1684	653
2821	508
2821	2034
2821	1119
1446	508
1446	368
1446	34
2472	655
2472	2419
2472	1886
1674	213
1674	442
1674	567
1817	698
1817	5
1817	2166
1925	209
1925	632
1925	2859
2062	1249
2062	170
2062	166
1864	158
1864	392
1864	378
1039	245
1039	2981
1039	1604
2819	555
2819	2981
2819	72
2365	741
2365	1283
2365	1085
2975	13
2975	516
2975	6844
3371	2597
3371	2238
3371	514
1936	302
1936	2044
1936	91
2970	1594
2970	711
2970	857
2998	1340
2998	1160
2998	857
2037	1817
2037	383
2037	567
100	2361
100	133
100	72
2759	467
2759	632
2759	574
707	2621
707	247
707	703
1444	566
1444	2857
1444	6844
2267	1340
2267	2312
2267	505
2331	1340
2331	2312
2331	2037
2174	755
2174	368
2174	1328
84	39
84	572
84	34
1108	1172
1108	363
1108	567
3100	547
3100	383
3100	262
3467	547
3467	708
3467	1773
3089	1698
3089	317
3089	868
71	627
71	1659
71	242
2713	118
2713	1262
2713	241
3514	1302
3514	488
3514	241
2757	598
2757	2064
2757	336
2228	2442
2228	70
2228	381
3347	929
3347	1541
3347	723
850	598
850	392
850	1554
3333	824
3333	933
3333	372
481	508
481	379
481	72
2925	39
2925	7182
2925	446
372	165
372	322
372	1844
947	874
947	368
947	2317
729	4682
729	368
729	30
254	319
254	3252
254	147
3262	598
3262	246
3262	139
1465	1027
1465	379
1465	723
1366	555
1366	107
1366	1824
1109	233
1109	379
1109	544
1779	655
1779	383
1779	2472
1968	1018
1968	207
1968	979
2023	2110
2023	401
2023	262
1707	213
1707	3208
1707	1507
360	2976
360	2456
360	5189
2393	4845
2393	133
2393	37
269	1590
269	5
269	601
1777	118
1777	1835
1777	1504
650	928
650	901
650	3171
1498	48
1498	932
1498	574
36	3073
36	2960
36	300
2170	570
2170	1100
2170	85
10	672
10	495
10	1328
3131	1091
3131	572
3131	567
3362	1518
3362	914
3362	1238
1943	859
1943	368
1943	1282
58	1018
58	23
58	578
3550	36
3550	572
3550	1902
619	1042
619	551
619	217
2838	5619
2838	368
2838	324
2672	2361
2672	5
2672	1303
1536	555
1536	1586
1536	483
2343	256
2343	605
2343	242
1386	1595
1386	551
1386	523
305	39
305	67
305	77
1754	39
1754	367
1754	2728
2606	1329
2606	6771
2606	262
1112	13
1112	261
1112	85
2930	302
2930	914
2930	1920
3164	87
3164	580
3164	143
15	598
15	551
15	1792
398	604
398	343
398	263
1644	13
1644	561
1644	4036
1103	479
1103	2833
1103	541
366	465
366	368
366	4703
2642	280
2642	379
2642	2081
2235	39
2235	229
2235	625
1303	852
1303	617
1303	446
2950	1067
2950	271
2950	251
2677	2427
2677	51
2677	567
2690	1184
2690	6931
2690	1352
2716	872
2716	905
2716	4675
1729	414
1729	32
1729	902
117	118
117	1486
117	1507
2089	3487
2089	815
2089	34
1160	445
1160	442
1160	217
970	627
970	799
970	3520
3540	1172
3540	227
3540	1226
1248	566
1248	322
1248	625
52	996
52	105
52	1673
2845	627
2845	419
2845	339
2548	41
2548	565
2548	2104
3258	2621
3258	1179
3258	4362
922	117
922	2312
922	68
1073	817
1073	1862
1073	72
2940	467
2940	202
2940	625
3110	775
3110	1186
3110	709
225	759
225	1620
225	4670
3158	1329
3158	1271
3158	625
2085	1152
2085	2506
2085	601
2159	479
2159	2506
2159	536
105	13
105	170
105	691
44	570
44	322
44	72
3552	1698
3552	383
3552	52
1424	233
1424	379
1424	567
1351	240
1351	3352
1351	112
468	39
468	1448
468	675
470	555
470	4473
470	2032
3520	13
3520	4528
3520	1844
1939	1947
1939	227
1939	506
290	817
290	2593
290	360
1622	2597
1622	529
1622	460
1577	570
1577	2673
1577	37
3438	118
3438	942
3438	4269
2756	1057
2756	5658
2756	1676
3060	48
3060	401
3060	729
2079	719
2079	2511
2079	1221
1964	508
1964	14
1964	1582
1209	915
1209	130
1209	89
1369	1446
1369	130
1369	89
527	929
527	322
527	1910
1213	118
1213	890
1213	1507
1831	724
1831	673
1831	251
3392	4243
3392	191
3392	241
2215	199
2215	442
2215	544
2119	547
2119	6454
2119	44
1711	1223
1711	2364
1711	300
2258	2939
2258	827
2258	990
1212	13
1212	271
1212	4034
962	13
962	1144
962	112
1288	598
1288	3882
1288	2844
1171	420
1171	317
1171	601
1077	3329
1077	671
1077	372
931	705
931	671
931	1965
3327	1518
3327	1100
3327	3411
1655	929
1655	632
1655	2166
3129	420
3129	191
3129	1597
1314	817
1314	815
1314	268
2910	3090
2910	3727
2910	709
1306	655
1306	2790
1306	902
191	655
191	67
191	902
2385	244
2385	1592
2385	91
714	3460
714	2511
714	96
775	13
775	816
775	3554
2519	595
2519	1605
2519	3194
3175	813
3175	903
3175	112
2223	1224
2223	32
2223	574
2288	570
2288	1954
2288	378
2040	244
2040	1392
2040	1865
1065	39
1065	274
1065	703
227	508
227	227
227	862
3363	859
3363	3893
3363	713
3294	3779
3294	572
3294	89
3310	304
3310	614
3310	3254
3128	928
3128	4050
3128	30
717	1595
717	383
717	78
3407	5010
3407	335
3407	85
1132	860
1132	5
1132	870
894	724
894	317
894	1025
2670	1223
2670	5
2670	417
2121	2742
2121	130
2121	523
278	508
278	1360
278	4014
3465	2939
3465	1789
3465	2058
3529	741
3529	1006
3529	112
2194	118
2194	5
2194	1266
2498	1706
2498	2198
2498	217
2247	741
2247	551
2247	3883
1785	817
1785	1008
1785	1860
2802	489
2802	708
2802	262
2562	6078
2562	1262
2562	197
3413	891
3413	1144
3413	3163
2014	759
2014	368
2014	1328
1626	759
1626	1688
1626	2166
456	759
456	368
456	2166
3459	2683
3459	63
3459	567
606	118
606	605
606	72
735	655
735	317
735	1794
78	2557
78	275
78	1794
2029	414
2029	1835
2029	2327
3161	396
3161	914
3161	2276
3534	1440
3534	2041
3534	4614
3384	5022
3384	379
3384	287
2211	508
2211	572
2211	574
1833	2260
1833	383
1833	417
355	3575
355	1006
355	3008
1789	116
1789	32
1789	483
2459	3112
2459	227
2459	601
951	245
951	1273
951	863
554	1409
554	804
554	483
2909	872
2909	145
2909	235
193	655
193	1130
193	439
324	479
324	23
324	217
3240	3119
3240	113
3240	568
3153	65
3153	142
3153	282
2123	2937
2123	67
2123	578
1378	118
1378	1723
1378	3567
2292	302
2292	305
2292	143
1572	445
1572	207
1572	217
2316	2621
2316	275
2316	823
1524	959
1524	5
1524	264
2375	6512
2375	1374
2375	72
3077	555
3077	2003
3077	315
875	13
875	368
875	3085
2571	3447
2571	481
2571	455
2494	996
2494	1068
2494	2166
2287	1544
2287	551
2287	262
1942	2899
1942	1273
1942	372
2923	2899
2923	816
2923	372
1580	233
1580	105
1580	1960
2315	319
2315	632
2315	1085
2808	1050
2808	1100
2808	3171
2590	117
2590	481
2590	709
1094	1172
1094	70
1094	3932
413	1452
413	383
413	89
2851	3084
2851	1098
2851	282
1960	3084
1960	1098
1960	574
1751	5309
1751	325
1751	1059
3130	2106
3130	63
3130	89
170	759
170	1111
170	4459
1254	244
1254	4182
1254	282
3120	1181
3120	583
3120	446
113	244
113	317
113	567
1021	1329
1021	379
1021	34
848	284
848	1428
848	2086
880	13
880	401
880	1065
1963	1244
1963	335
1963	235
1642	1340
1642	774
1642	235
2978	4107
2978	3307
2978	483
135	627
135	551
135	258
1235	598
1235	933
1235	675
2308	16
2308	1448
2308	2636
2381	891
2381	2392
2381	263
779	598
779	229
779	72
1570	1838
1570	133
1570	3883
2097	479
2097	405
2097	112
1403	240
1403	379
1403	1598
704	118
704	572
704	745
933	118
933	565
933	460
2991	848
2991	23
2991	2480
2545	117
2545	667
2545	2480
3314	2761
3314	338
3314	2032
2739	996
2739	5874
2739	263
1193	1874
1193	401
1193	89
187	304
187	401
187	89
2179	233
2179	317
2179	436
414	233
414	353
414	2120
2842	759
2842	1477
2842	263
1350	566
1350	1494
1350	2086
2474	502
2474	368
2474	4592
1134	872
1134	933
1134	642
425	508
425	1781
425	485
2597	445
2597	325
2597	34
2569	4619
2569	105
2569	753
1041	555
1041	229
1041	282
865	118
865	933
865	264
665	560
665	1174
665	89
2721	146
2721	545
2721	2728
167	560
167	650
167	713
545	1289
545	207
545	1792
1708	563
1708	383
1708	263
3385	508
3385	1800
3385	3883
2586	1151
2586	572
2586	85
1641	1151
1641	29
1641	217
1475	1151
1475	5296
1475	217
935	560
935	711
935	1265
2697	158
2697	876
2697	218
2865	39
2865	10129
2865	37
3026	848
3026	18
3026	258
936	2621
936	275
936	3166
2967	39
2967	2044
2967	52
1764	1395
1764	63
1764	680
222	319
222	23
222	262
2734	5729
2734	727
2734	1628
2966	848
2966	2030
2966	2844
3364	965
3364	2944
3364	2728
643	3393
643	401
643	642
282	3393
282	367
282	642
1793	724
1793	2573
1793	1705
1883	452
1883	303
1883	567
59	118
59	3029
59	567
198	705
198	1427
198	1813
1822	655
1822	2041
1822	30
2695	1158
2695	473
2695	676
637	239
637	1528
637	258
784	3329
784	1144
784	767
590	1027
590	1710
590	166
369	928
369	816
369	89
1838	445
1838	3433
1838	975
616	616
616	227
616	883
3361	848
3361	493
3361	264
260	13
260	3019
260	372
1664	165
1664	1100
1664	2187
2852	467
2852	572
2852	1824
904	1184
904	572
904	857
748	598
748	23
748	857
3257	1474
3257	2123
3257	1065
856	1067
856	592
856	1234
1596	759
1596	805
1596	703
2758	759
2758	2547
2758	703
3088	3880
3088	63
3088	72
1410	479
1410	3034
1410	258
2176	1042
2176	229
2176	68
2942	3333
2942	2240
2942	263
1941	1702
1941	383
1941	258
1121	118
1121	572
1121	241
1151	928
1151	373
1151	3411
1802	598
1802	3252
1802	72
1120	1702
1120	107
1120	37
2648	239
2648	572
2648	838
669	1474
669	662
669	1147
3321	508
3321	726
3321	85
622	3791
622	572
622	258
1155	2987
1155	368
1155	112
362	48
362	363
362	1282
2543	3446
2543	1068
2543	5094
509	3488
509	373
509	742
2899	957
2899	3258
2899	3271
331	118
331	804
331	2187
2843	39
2843	383
2843	167
1078	39
1078	845
1078	167
53	319
53	368
53	4849
1681	245
1681	572
1681	78
3063	244
3063	572
3063	2726
1176	39
1176	1949
1176	723
3247	1302
3247	845
3247	1846
102	256
102	1134
102	1705
2515	2374
2515	766
2515	1266
22	244
22	799
22	1065
1916	1595
1916	673
1916	4034
2049	1474
2049	708
2049	30
2053	182
2053	229
2053	857
2092	13
2092	700
2092	5278
2234	4438
2234	3505
2234	439
702	118
702	905
702	574
1098	928
1098	5
1098	446
2861	319
2861	4694
2861	0
653	598
653	130
653	1025
433	598
433	1774
433	1328
1168	302
1168	4900
1168	72
2867	302
2867	2698
2867	201
3050	1947
3050	673
3050	371
684	213
684	804
684	72
251	1067
251	901
251	85
3464	917
3464	3434
3464	900
3378	7723
3378	229
3378	300
3246	1037
3246	1772
3246	210
878	1184
878	1486
878	2032
2181	2621
2181	398
2181	85
1478	118
1478	4550
1478	258
1347	209
1347	1005
1347	695
2541	928
2541	2198
2541	96
647	555
647	379
647	241
1765	1067
1765	67
1765	1755
2139	724
2139	2511
2139	1794
19	1091
19	383
19	258
1005	759
1005	942
1005	729
1607	48
1607	766
1607	3816
238	165
238	700
238	1705
1166	479
1166	1174
1166	112
2163	319
2163	605
2163	683
315	118
315	353
315	251
2054	929
2054	5
2054	1472
1796	929
1796	5
1796	2166
907	118
907	914
907	300
1727	199
1727	552
1727	101
3473	724
3473	2277
3473	1849
1659	589
1659	933
1659	1212
1705	555
1705	70
1705	2187
2972	13
2972	105
2972	3740
1259	627
1259	1448
1259	1221
752	570
752	305
752	625
2685	1909
2685	1672
2685	3117
1797	1440
1797	1013
1797	439
1542	1698
1542	23
1542	1705
558	1452
558	379
558	691
3573	7584
3573	105
3573	262
2508	65
2508	603
2508	802
977	1452
977	1898
977	567
104	118
104	914
104	729
1114	233
1114	1688
1114	258
3316	3921
3316	632
3316	808
1102	245
1102	2455
1102	808
774	39
774	325
774	372
158	118
158	113
158	506
1912	3084
1912	1286
1912	251
2847	4821
2847	6901
2847	5375
846	508
846	577
846	188
2979	508
2979	383
2979	188
296	1409
296	665
296	1173
2074	2646
2074	565
2074	0
2441	118
2441	1808
2441	1234
1331	817
1331	1975
1331	1234
3237	3333
3237	572
3237	112
1589	598
1589	1424
1589	72
2936	2625
2936	3517
2936	2860
1357	244
1357	552
1357	701
2976	280
2976	700
2976	1821
2729	1488
2729	368
2729	2166
1956	1515
1956	1283
1956	5094
429	2230
429	2129
429	217
632	319
632	2129
632	217
3086	100
3086	338
3086	37
1289	16
1289	2289
1289	1914
820	1457
820	2506
820	1101
3094	3763
3094	130
3094	251
3365	279
3365	1268
3365	1507
2201	4118
2201	1424
2201	72
18	329
18	3003
18	669
1913	9774
1913	5296
1913	1012
1718	319
1718	275
1718	72
2415	1478
2415	4756
2415	282
628	3388
628	816
628	1282
635	759
635	2515
635	669
2293	1395
2293	1710
2293	381
998	917
998	379
998	1319
1886	589
1886	2198
1886	258
1722	39
1722	572
1722	37
1474	1409
1474	398
1474	37
2084	245
2084	14
2084	34
530	1340
530	516
530	1507
409	158
409	1855
409	713
1682	284
1682	1068
1682	1654
934	555
934	933
934	541
2849	1702
2849	551
2849	868
601	445
601	577
601	85
2376	445
2376	2072
2376	85
804	598
804	603
804	574
3348	465
3348	1029
3348	181
2537	158
2537	561
2537	417
3452	566
3452	2198
3452	258
2814	2971
2814	2239
2814	2032
1928	566
1928	363
1928	2032
2465	852
2465	4756
2465	574
917	118
917	799
917	264
2882	1056
2882	572
2882	1865
1266	1056
1266	572
1266	5069
925	213
925	819
925	52
2442	213
2442	819
2442	217
3493	2361
3493	1283
3493	348
2399	48
2399	3859
2399	505
559	1151
559	632
559	683
874	302
874	632
874	1246
3052	2621
3052	3362
3052	683
1700	2621
1700	63
1700	523
2227	1302
2227	933
2227	1065
746	741
746	401
746	1966
809	165
809	338
809	2193
1295	555
1295	229
1295	1914
1625	1566
1625	229
1625	2166
778	3999
778	704
778	2166
579	244
579	369
579	1234
354	3383
354	401
354	372
3563	555
3563	318
3563	436
2921	724
2921	57
2921	862
379	1518
379	1835
379	709
3455	917
3455	2796
3455	78
1609	118
1609	322
1609	2477
677	280
677	133
677	868
2602	928
2602	338
2602	143
2988	1409
2988	367
2988	1142
3012	319
3012	346
3012	5435
2673	319
2673	4401
2673	85
2937	7
2937	1283
2937	1607
1978	555
1978	392
1978	434
3479	655
3479	4401
3479	85
1285	1818
1285	1797
1285	3937
2470	5626
2470	1222
2470	883
2339	65
2339	317
2339	324
3171	1817
3171	1433
3171	3200
341	6611
341	4112
341	870
7	479
7	572
7	112
3180	48
3180	487
3180	950
2005	331
2005	1360
2005	918
472	2939
472	67
472	324
2407	741
2407	487
2407	1396
486	555
486	905
486	701
96	208
96	572
96	91
1903	775
1903	4094
1903	2193
1419	39
1419	368
1419	345
1207	570
1207	955
1207	446
1752	245
1752	368
1752	282
1616	1172
1616	107
1616	3094
381	302
381	552
381	1507
1333	1027
1333	350
1333	990
3440	445
3440	2228
3440	263
2219	1980
2219	352
2219	1705
3141	555
3141	338
3141	6401
2230	7791
2230	305
2230	683
536	244
536	170
536	446
2364	589
2364	1013
2364	72
497	319
497	1541
497	44
309	655
309	960
309	285
1031	595
1031	5410
1031	709
2534	790
2534	107
2534	258
1865	3300
1865	275
1865	3200
873	957
873	577
873	381
1056	118
1056	133
1056	2008
1359	598
1359	529
1359	1234
374	1409
374	551
374	1263
250	302
250	5402
250	143
1013	1018
1013	529
1013	733
1379	39
1379	113
1379	642
630	118
630	816
630	625
3375	754
3375	402
3375	3567
3200	2028
3200	1262
3200	525
1825	595
1825	247
1825	4703
1030	518
1030	1486
1030	713
1798	118
1798	271
1798	1385
891	118
891	63
891	1385
837	118
837	202
837	1025
2102	555
2102	5
2102	225
3343	655
3343	275
3343	3498
159	616
159	1298
159	5909
733	474
733	3252
733	4301
1716	598
1716	1332
1716	1282
2208	48
2208	704
2208	3117
656	3458
656	368
656	1246
1714	118
1714	487
1714	446
139	13
139	379
139	1085
400	13
400	726
400	5345
1740	118
1740	1853
1740	436
295	759
295	383
295	251
363	5960
363	1254
363	2728
1111	36
1111	369
1111	1649
3154	874
3154	294
3154	1282
2360	452
2360	368
2360	868
2257	859
2257	229
2257	360
2462	1518
2462	204
2462	1282
1269	301
1269	63
1269	506
1224	929
1224	367
1224	1821
771	1711
771	8133
771	709
3397	1042
3397	572
3397	241
2098	741
2098	1232
2098	2016
317	6750
317	133
317	1230
1384	790
1384	665
1384	34
2812	928
2812	368
2812	836
2022	3431
2022	914
2022	30
2938	118
2938	766
2938	723
6	118
6	317
6	460
3181	560
3181	614
3181	1396
3032	424
3032	481
3032	1367
2186	724
2186	850
2186	3728
692	508
692	401
692	709
1954	213
1954	4251
1954	1287
3272	1440
3272	325
3272	753
2521	722
2521	1066
2521	1554
249	2701
249	529
249	460
103	1151
103	226
103	34
345	13
345	700
345	918
3263	479
3263	933
3263	3962
1202	555
1202	577
1202	1396
876	245
876	383
876	2109
2154	489
2154	369
2154	574
2860	4967
2860	529
2860	574
4	118
4	363
4	30
1070	319
1070	756
1070	372
2749	4082
2749	401
2749	2728
1780	1751
1780	816
1780	44
827	1751
827	383
827	44
2429	2476
2429	473
2429	1119
1393	4435
1393	903
1393	360
534	4435
534	903
534	121
12	498
12	1448
12	695
965	445
965	23
965	642
2347	13
2347	4134
2347	870
1173	3458
1173	495
1173	2438
2387	65
2387	3362
2387	1961
1364	1716
1364	914
1364	1025
3	4268
3	1424
3	1694
866	445
866	2380
866	285
3561	761
3561	368
3561	4525
3565	2783
3565	229
3565	713
1406	118
1406	317
1406	6788
1977	560
1977	2019
1977	3559
2138	1819
2138	227
2138	574
1253	2427
1253	383
1253	417
2674	290
2674	665
2674	101
2500	595
2500	169
2500	3527
2087	595
2087	169
2087	1914
3021	279
3021	303
3021	285
11	319
11	529
11	241
573	1158
573	565
573	507
668	1581
668	63
668	1065
683	957
683	749
683	1619
2012	604
2012	105
2012	3319
1937	2298
1937	105
1937	1221
1629	233
1629	229
1629	483
1991	245
1991	551
1991	1749
1088	13
1088	2277
1088	5069
56	319
56	227
56	485
737	560
737	488
737	345
2226	1452
2226	3459
2226	1844
3119	928
3119	373
3119	1282
1897	148
1897	322
1897	1396
1839	555
1839	1179
1839	3171
1518	1452
1518	749
1518	506
708	245
708	933
708	372
1861	9981
1861	419
1861	6788
1908	871
1908	845
1908	1705
1748	2264
1748	577
1748	258
98	595
98	766
98	597
2741	118
2741	294
2741	456
591	1488
591	383
591	2120
766	179
766	2263
766	258
613	233
613	14
613	446
835	1698
835	369
835	460
655	2440
655	551
655	703
194	706
194	322
194	77
1717	706
1717	322
1717	354
1339	555
1339	2871
1339	446
2631	3119
2631	350
2631	112
1071	100
1071	105
1071	1234
3470	331
3470	383
3470	3868
1267	1172
1267	32
1267	625
3319	280
3319	4751
3319	27
2355	508
2355	529
2355	723
263	570
263	516
263	251
3001	570
3001	305
3001	904
3239	860
3239	190
3239	1860
2175	817
2175	2245
2175	197
2243	623
2243	1360
2243	3171
73	3920
73	516
73	89
2858	453
2858	113
2858	143
3372	3996
3372	105
3372	372
1054	118
1054	766
1054	990
2207	1542
2207	275
2207	695
3329	4474
3329	3087
3329	91
2580	759
2580	330
2580	709
572	2331
572	1592
572	1773
2540	1523
2540	338
2540	808
1617	118
1617	1232
1617	723
3238	1409
3238	807
3238	3250
3396	1320
3396	554
3396	2869
3398	1452
3398	335
3398	1905
2483	595
2483	1688
2483	168
3123	479
3123	1671
3123	1824
3379	165
3379	8034
3379	574
1343	570
1343	368
1343	1020
3081	437
3081	4979
3081	263
1402	2829
1402	1360
1402	3167
1156	1067
1156	577
1156	354
1296	2425
1296	4041
1296	217
1411	331
1411	572
1411	5395
1720	420
1720	133
1720	1282
2684	722
2684	317
2684	1015
1315	3446
1315	1404
1315	85
1552	3446
1552	8120
1552	5197
664	598
664	368
664	30
3409	598
3409	2409
3409	251
3451	817
3451	373
3451	575
2329	1375
2329	516
2329	77
2464	6020
2464	2364
2464	3200
3420	1518
3420	3517
3420	2173
2514	1508
2514	1688
2514	44
817	43
817	3338
817	5151
200	479
200	305
200	85
2106	929
2106	67
2106	423
892	302
892	1470
892	263
1154	331
1154	933
1154	2302
2863	1042
2863	57
2863	507
2798	43
2798	5784
2798	300
955	118
955	3445
955	1507
2649	1018
2649	1100
2649	5094
1710	1018
1710	1100
1710	1886
1283	1518
1283	1605
1283	381
3340	961
3340	2820
3340	683
3482	598
3482	615
3482	1025
838	414
838	905
838	506
2351	39
2351	3506
2351	4563
3542	13
3542	379
3542	4879
2166	1751
2166	1797
2166	506
3003	319
3003	2364
3003	44
512	508
512	1126
512	1150
2742	253
2742	756
2742	1065
507	2114
507	86
507	262
1044	598
1044	2041
1044	30
1841	817
1841	55
1841	2844
60	598
60	529
60	30
885	2766
885	2129
885	85
1196	437
1196	170
1196	1587
168	65
168	275
168	285
358	43
358	1283
358	883
2555	1642
2555	379
2555	1914
1470	555
1470	1853
1470	68
747	598
747	1380
747	2178
3374	872
3374	1123
3374	1355
1135	245
1135	1185
1135	78
2294	6276
2294	2228
2294	217
976	284
976	914
976	2100
2513	1581
2513	247
2513	2860
1949	595
1949	554
1949	723
83	209
83	442
83	339
3047	4051
3047	338
3047	483
2136	2939
2136	727
2136	857
1592	1845
1592	305
1592	1476
244	118
244	1586
244	264
375	817
375	5
375	2544
3488	1814
3488	105
3488	2661
3300	741
3300	398
3300	27
3445	1050
3445	369
3445	1065
382	759
382	1360
382	709
3287	759
3287	67
3287	709
206	118
206	70
206	217
687	424
687	905
687	683
2427	3112
2427	580
2427	1020
2647	722
2647	1008
2647	251
502	1003
502	26
502	1065
553	1698
553	481
553	72
1464	1395
1464	3
1464	460
353	39
353	401
353	2706
149	4242
149	401
149	1142
1660	570
1660	2198
1660	862
1876	165
1876	1186
1876	1246
219	39
219	170
219	2728
1036	722
1036	1017
1036	1849
652	1515
652	529
652	258
2760	48
2760	924
2760	3075
2625	817
2625	1232
2625	436
1318	3170
1318	552
1318	91
979	1329
979	845
979	1241
2987	6841
2987	305
2987	201
2733	6841
2733	697
2733	201
2019	1302
2019	4041
2019	541
3104	775
3104	3362
3104	1749
1894	3458
1894	328
1894	625
667	3458
667	328
667	262
2507	1054
2507	1638
2507	3241
1329	319
1329	572
1329	683
2187	4974
2187	572
2187	91
3352	1838
3352	4694
3352	1914
2082	1067
2082	1465
2082	709
2125	4573
2125	3759
2125	567
631	627
631	749
631	1142
600	598
600	363
600	675
335	1042
335	9488
335	1914
2535	3096
2535	2968
2535	78
3111	2529
3111	3773
3111	2109
3454	655
3454	2579
3454	2546
3360	1698
3360	1338
3360	428
605	2621
605	473
605	258
1380	655
1380	804
1380	263
1569	1104
1569	758
1569	1025
787	1581
787	271
787	953
2447	406
2447	592
2447	78
1713	555
1713	379
1713	862
529	555
529	379
529	2463
2069	563
2069	3258
2069	235
2369	1329
2369	363
2369	5179
3038	319
3038	1835
3038	5231
1514	3880
1514	1144
1514	713
475	213
475	159
475	574
2999	319
2999	700
2999	1142
2658	479
2658	1170
2658	1150
1007	165
1007	1781
1007	578
952	859
952	572
952	44
510	1172
510	191
510	91
1557	118
1557	2593
1557	601
1313	508
1313	3338
1313	3089
768	4877
768	766
768	85
2904	604
2904	50
2904	691
463	245
463	933
463	27
1441	929
1441	1424
1441	3702
3016	2298
3016	23
3016	523
1706	290
1706	1005
1706	2477
2323	560
2323	551
2323	147
2599	560
2599	903
2599	446
2094	1223
2094	11
2094	574
1990	467
1990	1774
1990	30
2960	319
2960	1122
2960	336
386	13
386	379
386	262
1479	566
1479	700
1479	1101
845	39
845	850
845	574
2612	3637
2612	866
2612	703
920	2028
920	322
920	1263
3058	1518
3058	379
3058	591
1300	560
1300	3362
1300	258
1233	957
1233	749
1233	3555
3102	502
3102	383
3102	2017
2565	2621
2565	368
2565	4459
2394	1518
2394	1433
2394	2020
371	2548
371	133
371	112
690	87
690	435
690	37
1811	3054
1811	204
1811	427
2214	655
2214	1262
2214	241
1795	1018
1795	1254
1795	1906
751	1523
751	224
751	4675
1613	508
1613	1066
1613	663
3553	1622
3553	2169
3553	703
2164	555
2164	261
2164	167
2657	1443
2657	113
2657	1507
1225	1485
1225	1130
1225	1287
3009	117
3009	1486
3009	4089
215	928
215	230
215	574
1533	598
1533	6213
1533	30
3517	1922
3517	23
3517	1860
1578	2716
1578	1029
1578	483
1550	209
1550	924
1550	1621
1189	290
1189	5
1189	2502
3291	3084
3291	5
3291	78
2296	570
2296	774
2296	882
2926	65
2926	1373
2926	1650
1877	16
1877	261
1877	767
390	724
390	5296
390	30
541	957
541	383
541	372
3034	3551
3034	2634
3034	642
1389	319
1389	866
1389	1920
1585	319
1585	3038
1585	72
1061	3925
1061	322
1061	354
3434	3134
3434	700
3434	3526
3500	257
3500	1602
3500	2862
2969	437
2969	7066
2969	417
501	3851
501	577
501	345
245	1056
245	577
245	112
1541	1711
1541	368
1541	1065
680	1452
680	1283
680	574
3530	3329
3530	1885
3530	2919
811	118
811	363
811	251
789	3575
789	3222
789	30
474	698
474	2540
474	217
1287	1091
1287	815
1287	68
2220	43
2220	401
2220	5691
987	722
987	726
987	1234
2460	1998
2460	328
2460	258
2653	741
2653	105
2653	2728
2750	244
2750	481
2750	5475
2996	479
2996	3098
2996	77
2197	560
2197	170
2197	1649
1124	319
1124	170
1124	89
3404	498
3404	383
3404	1902
966	2281
966	3523
966	263
2099	158
2099	1605
2099	1012
3513	2621
3513	1494
3513	1580
1308	1027
1308	5
1308	574
311	560
311	1254
311	166
3574	957
3574	985
3574	567
1069	508
1069	1486
1069	642
2463	917
2463	1110
2463	536
3225	2200
3225	556
3225	89
2779	16
2779	1470
2779	1466
2131	319
2131	1029
2131	309
3228	319
3228	1029
3228	428
770	1329
770	1626
770	235
831	6600
831	1592
831	287
2455	1518
2455	816
2455	3619
3292	1302
3292	845
3292	567
3320	319
3320	317
3320	4381
2479	655
2479	379
2479	1173
1762	4387
1762	1005
1762	2276
1745	479
1745	379
1745	68
595	1452
595	105
595	1914
638	598
638	1029
638	2435
602	722
602	25
602	112
2276	722
2276	805
2276	89
318	508
318	552
318	713
2061	598
2061	328
2061	1187
3236	1518
3236	774
3236	2236
3497	560
3497	63
3497	1280
1500	280
1500	481
1500	1221
958	741
958	869
958	112
2963	1518
2963	561
2963	427
828	244
828	577
828	683
759	965
759	924
759	456
2158	4083
2158	1392
2158	2020
3444	4974
3444	4201
3444	91
1298	817
1298	133
1298	72
439	2207
439	572
439	1140
1219	555
1219	572
1219	1867
742	1151
742	577
742	990
1989	4349
1989	4112
1989	85
1593	445
1593	1006
1593	372
1970	560
1970	120
1970	258
2813	595
2813	2501
2813	241
2273	117
2273	816
2273	1902
280	817
280	1486
280	963
1867	3791
1867	551
1867	642
3245	2621
3245	369
3245	3021
2693	209
2693	67
2693	77
3366	1056
3366	1639
3366	2728
834	479
834	32
834	591
348	722
348	605
348	857
2285	508
2285	155
2285	683
2177	563
2177	383
2177	2662
2872	233
2872	529
2872	360
1197	1452
1197	3267
1197	1147
1837	408
1837	305
1837	904
1606	1716
1606	914
1606	72
1290	4610
1290	63
1290	72
524	722
524	105
524	241
1458	1496
1458	481
1458	703
1702	655
1702	379
1702	77
1677	817
1677	819
1677	5857
14	2227
14	821
14	935
217	39
217	379
217	2166
2189	508
2189	407
2189	544
1047	65
1047	317
1047	181
1584	1508
1584	398
1584	1960
2526	655
2526	130
2526	868
23	1018
23	55
23	2173
2007	2939
2007	781
2007	30
990	463
990	1298
990	44
1561	1817
1561	1298
1561	44
235	719
235	305
235	251
1692	1184
1692	603
1692	1867
3118	598
3118	2751
3118	3271
689	672
689	1586
689	574
64	555
64	55
64	52
1205	555
1205	577
1205	258
3044	555
3044	749
3044	6588
3222	1347
3222	552
3222	1966
3253	2976
3253	379
3253	1749
3134	2939
3134	3154
3134	3966
3512	199
3512	363
3512	197
2720	1014
2720	2123
2720	683
3041	741
3041	1220
3041	197
726	570
726	1144
726	85
2319	65
2319	142
2319	483
2880	2457
2880	2341
2880	564
571	396
571	580
571	2120
1037	598
1037	322
1037	1325
2870	1172
2870	55
2870	1325
2008	598
2008	3577
2008	567
411	118
411	105
411	601
1933	724
1933	23
1933	300
1080	1091
1080	23
1080	440
3221	3593
3221	580
3221	440
732	961
732	401
732	1755
1579	3840
1579	133
1579	653
2811	3840
2811	1438
2811	862
905	929
905	379
905	30
824	555
824	545
824	1396
2889	118
2889	1343
2889	935
1059	280
1059	851
1059	2862
949	1172
949	529
949	446
1538	213
1538	305
1538	1966
2502	2036
2502	55
2502	544
1951	1998
1951	335
1951	72
2115	5023
2115	924
2115	1425
1695	719
1695	1586
1695	1282
772	1340
772	700
772	4109
452	498
452	905
452	372
1421	498
1421	905
1421	703
854	672
854	317
854	30
469	2750
469	412
469	30
2403	1492
2403	529
2403	242
995	3119
995	191
995	1597
1123	891
1123	322
1123	110
930	301
930	933
930	263
2349	280
2349	403
2349	436
2623	240
2623	1712
2623	2017
2035	1181
2035	133
2035	990
120	1523
120	632
120	574
326	319
326	815
326	574
741	563
741	57
741	1749
72	1104
72	816
72	703
2275	1104
2275	379
2275	523
2619	1027
2619	368
2619	868
992	547
992	2601
992	264
914	547
914	2601
914	378
786	759
786	1029
786	44
1742	3119
1742	23
1742	0
3062	814
3062	481
3062	574
3201	817
3201	1745
3201	990
3566	41
3566	2735
3566	1266
2169	36
2169	1635
2169	1
2304	319
2304	2312
2304	567
2681	43
2681	2908
2681	2145
2386	408
2386	572
2386	485
3296	65
3296	4721
3296	44
2715	118
2715	572
2715	1942
1828	1518
1828	317
1828	567
2585	817
2585	353
2585	567
450	452
450	170
450	567
994	452
994	353
994	567
435	508
435	224
435	1025
2070	2744
2070	1239
2070	683
1741	508
1741	383
1741	4269
1497	2621
1497	572
1497	112
3284	761
3284	671
3284	1234
356	1409
356	224
356	1755
2879	13
2879	1107
2879	1142
2090	100
2090	1449
2090	2438
1294	2939
1294	577
1294	258
515	244
515	529
515	713
1961	244
1961	328
1961	675
2191	179
2191	580
2191	2657
304	1329
304	379
304	868
3271	290
3271	2312
3271	3962
1482	1452
1482	845
1482	767
2506	1223
2506	130
2506	166
3449	319
3449	401
3449	6205
2744	65
2744	303
2744	285
2378	1027
2378	401
2378	258
624	3170
624	2424
624	30
1429	437
1429	5
1429	4754
2052	117
2052	129
2052	460
2411	754
2411	845
2411	77
148	2683
148	107
148	30
3167	6326
3167	325
3167	701
557	560
557	379
557	1749
832	2361
832	804
832	439
2395	508
2395	35
2395	371
2731	2028
2731	1348
2731	37
1012	976
1012	561
1012	1556
2825	1581
2825	816
2825	1556
2400	1581
2400	2634
2400	703
1658	65
1658	2198
1658	52
1262	1698
1262	55
1262	251
1649	445
1649	632
1649	85
3203	452
3203	107
3203	2643
985	1452
985	1427
985	523
1270	598
1270	1524
1270	3271
2253	4320
2253	1338
2253	2317
924	996
924	577
924	544
1325	244
1325	942
1325	1040
946	976
946	577
946	703
1759	976
1759	577
1759	625
1768	1518
1768	2968
1768	1234
2241	1518
2241	2506
2241	1234
498	598
498	1155
498	1966
1409	414
1409	673
1409	180
1806	406
1806	305
1806	1307
945	616
945	572
945	2308
3309	1698
3309	1179
3309	180
3229	1698
3229	1179
3229	2544
3350	1761
3350	1286
3350	345
2344	3078
2344	471
2344	713
1028	1347
1028	850
1028	882
3061	2937
3061	368
3061	642
1857	1329
1857	1392
1857	1749
1893	1104
1893	1232
1893	446
3346	445
3346	237
3346	85
1998	118
1998	3505
1998	1282
1217	178
1217	419
1217	446
2397	118
2397	3505
2397	446
2795	598
2795	1898
2795	37
1974	319
1974	379
1974	68
171	3090
171	55
171	1279
2421	874
2421	57
2421	404
513	233
513	383
513	251
2947	390
2947	614
2947	506
1430	233
1430	383
1430	2017
1453	1452
1453	561
1453	78
136	3084
136	367
136	2032
2881	1405
2881	374
2881	990
1241	3481
1241	2006
1241	89
2730	929
2730	1427
2730	2404
3369	655
3369	651
3369	460
604	2590
604	305
604	683
3462	408
3462	247
3462	446
146	602
146	379
146	217
2033	1581
2033	914
2033	1849
2341	479
2341	1486
2341	4385
1891	957
1891	318
1891	625
2884	1249
2884	2444
2884	574
276	508
276	1175
276	72
2327	1765
2327	2198
2327	428
3025	319
3025	412
3025	197
1257	319
1257	665
1257	1960
649	570
649	749
649	574
1383	560
1383	142
1383	483
385	759
385	577
385	4109
969	118
969	529
969	439
110	118
110	107
110	1282
1127	2748
1127	632
1127	1282
3401	2748
3401	632
3401	713
1149	118
1149	632
1149	713
1846	872
1846	58
1846	883
1255	244
1255	529
1255	574
1110	1452
1110	2019
1110	351
1218	1056
1218	1448
1218	1755
2202	244
2202	1268
2202	1282
2608	1057
2608	577
2608	642
2768	8327
2768	5657
2768	4592
902	319
902	1283
902	567
2151	1595
2151	473
2151	703
3277	199
3277	3143
3277	786
2313	244
2313	1343
2313	241
2282	1595
2282	603
2282	839
2769	319
2769	2935
2769	78
444	165
444	322
444	217
720	301
720	561
720	2546
1048	3045
1048	2252
1048	1394
2581	452
2581	1186
2581	836
853	1751
853	379
853	1844
2546	722
2546	583
2546	1960
248	118
248	577
248	360
3299	244
3299	1144
3299	926
1611	331
1611	379
1611	642
1969	655
1969	2041
1969	264
301	598
301	317
301	72
3422	4144
3422	170
3422	701
1521	4144
1521	170
1521	4399
1454	3084
1454	5
1454	258
1425	41
1425	551
1425	360
814	165
814	5
814	574
1208	1184
1208	305
1208	1476
1558	595
1558	133
1558	2544
265	598
265	305
265	625
639	118
639	1254
639	574
2486	719
2486	1647
2486	85
1382	199
1382	322
1382	1025
350	860
350	405
350	1966
2542	479
2542	368
2542	1580
3268	1409
3268	7715
3268	1914
1438	39
1438	821
1438	2669
1201	479
1201	617
1201	446
813	1452
813	1283
813	709
3278	1223
3278	1497
3278	446
1604	280
1604	1144
1604	1844
3101	118
3101	3
3101	597
2051	719
2051	363
2051	1507
1342	302
1342	905
1342	3554
2303	302
2303	29
2303	2480
607	741
607	383
607	258
2973	1724
2973	1066
2973	1425
2096	165
2096	63
2096	1582
293	1581
293	317
293	3250
202	408
202	305
202	1545
2797	627
2797	1424
2797	675
1119	627
1119	473
1119	242
2348	595
2348	368
2348	1598
2640	1642
2640	1498
2640	701
28	627
28	749
28	1101
525	253
525	207
525	574
1245	655
1245	905
1245	1749
3127	1595
3127	2547
3127	953
2143	1765
2143	815
2143	1246
2935	1765
2935	368
2935	1246
1472	872
1472	781
1472	574
562	118
562	170
562	143
3423	1998
3423	368
3423	1914
389	165
389	368
389	723
2661	479
2661	2343
2661	574
2761	1706
2761	603
2761	147
2268	165
2268	2688
2268	181
178	3496
178	352
178	217
3551	117
3551	383
3551	740
1835	396
1835	154
1835	89
3282	118
3282	1392
3282	2869
1612	2189
1612	442
1612	523
1687	117
1687	1066
1687	506
32	598
32	229
32	30
3431	1395
3431	554
3431	4240
2518	595
2518	554
2518	460
1847	555
1847	924
1847	354
2454	3650
2454	303
2454	483
1564	719
1564	3123
1564	371
698	1027
698	529
698	950
2354	430
2354	229
2354	264
716	2541
716	580
716	883
3213	118
3213	1538
3213	2544
1735	1622
1735	1528
1735	371
1732	915
1732	129
1732	72
2888	915
2888	129
2888	3792
328	957
328	1179
328	112
1519	1751
1519	1713
1519	1188
1243	1751
1243	572
1243	567
2337	244
2337	1448
2337	1755
2120	598
2120	592
2120	1282
2762	5654
2762	107
2762	282
2350	165
2350	876
2350	258
1926	165
1926	487
1926	1960
2172	719
2172	405
2172	242
3476	1622
3476	305
3476	183
284	1042
284	305
284	264
980	13
980	2990
980	683
2655	1395
2655	2444
2655	546
3035	13
3035	516
3035	2848
1113	65
1113	3258
1113	263
2907	655
2907	379
2907	1749
743	319
743	3599
743	147
826	957
826	1596
826	1914
610	722
610	3599
610	1914
1091	1054
1091	572
1091	701
3532	3084
3532	2468
3532	72
1643	414
1643	63
1643	1507
454	570
454	63
454	264
253	555
253	4519
253	868
1670	1741
1670	583
1670	2017
1400	1375
1400	815
1400	574
2433	319
2433	1774
2433	6
3446	3458
3446	2698
3446	1282
62	244
62	5620
62	72
1433	1395
1433	1380
1433	1556
2765	1452
2765	317
2765	3720
432	1452
432	316
432	89
122	479
122	1424
122	112
3328	1181
3328	169
3328	4843
3290	570
3290	2419
3290	1487
739	570
739	2419
739	2337
3018	976
3018	711
3018	506
1836	957
1836	603
1836	1453
2	3791
2	50
2	27
1734	452
1734	325
1734	703
1736	452
1736	325
1736	574
1420	560
1420	2341
1420	525
1258	508
1258	1029
1258	786
1999	290
1999	207
1999	1755
1009	555
1009	704
1009	597
1087	570
1087	133
1087	862
2048	1158
2048	819
2048	2173
2060	859
2060	204
2060	1282
2994	1540
2994	398
2994	195
2402	244
2402	204
2402	72
566	1042
566	2623
566	1385
2806	319
2806	4901
2806	1833
785	1395
785	914
785	703
1619	4
1619	2656
1619	703
300	118
300	4112
300	703
1139	118
1139	758
1139	703
897	1595
897	2277
897	1020
1663	859
1663	2751
1663	683
1252	5263
1252	379
1252	3966
3332	3885
3332	32
3332	378
3261	2590
3261	1541
3261	1142
2490	2590
2490	1541
2490	262
1081	555
1081	1541
1081	262
3367	424
3367	1283
3367	802
2919	13
2919	1378
2919	1396
1397	722
1397	5887
1397	5648
1459	13
1459	247
1459	1142
1338	2621
1338	379
1338	506
629	555
629	1174
629	683
344	290
344	305
344	264
1443	1408
1443	851
1443	2715
1583	240
1583	379
1583	378
396	244
396	850
396	4269
2281	244
2281	402
2281	4269
797	39
797	804
797	258
124	604
124	815
124	713
968	13
968	247
968	701
2900	570
2900	383
2900	1234
2893	280
2893	529
2893	703
1551	2021
1551	850
1551	2438
2443	2775
2443	529
2443	523
1863	598
1863	850
1863	574
3136	39
3136	105
3136	1199
2058	39
2058	3523
2058	2546
791	302
791	229
791	85
1158	859
1158	317
1158	857
1510	859
1510	1005
1510	857
1199	118
1199	379
1199	143
2669	118
2669	607
2669	669
1000	547
1000	1069
1000	669
3386	146
3386	462
3386	2058
3037	3058
3037	237
3037	52
2162	1027
2162	23
2162	507
1185	437
1185	1110
1185	1346
1810	437
1810	2424
1810	1346
3285	1544
3285	3599
3285	3254
312	722
312	2751
312	2665
2404	280
2404	583
2404	85
3389	365
3389	3019
3389	72
1615	1056
1615	3352
1615	3883
868	158
868	136
868	3883
3006	560
3006	1806
3006	378
1083	560
1083	317
1083	1065
2876	7871
2876	368
2876	30
3193	213
3193	478
3193	990
1842	437
1842	529
1842	2774
3231	848
3231	2198
3231	354
264	445
264	1179
264	1221
50	722
50	70
50	683
1297	2937
1297	305
1297	371
2438	290
2438	1254
2438	1059
1909	2200
1909	726
1909	918
695	39
695	32
695	703
2982	319
2982	1392
2982	2166
3507	800
3507	799
3507	268
2815	1876
2815	3019
2815	958
1921	1810
1921	18
1921	1673
3255	598
3255	63
3255	188
2810	2351
2810	572
2810	30
2705	319
2705	305
2705	262
1873	859
1873	845
1873	3089
598	1172
598	1796
598	378
87	39
87	401
87	34
2844	48
2844	2704
2844	85
2297	390
2297	1360
2297	44
314	39
314	1596
314	691
2237	566
2237	442
2237	574
2117	39
2117	2039
2117	2862
2530	2244
2530	766
2530	1598
2452	118
2452	107
2452	953
903	118
903	5
903	742
984	165
984	338
984	703
1539	118
1539	914
1539	1484
2501	13
2501	473
2501	2120
2689	3260
2689	1123
2689	1065
186	244
186	673
186	3286
185	118
185	317
185	523
2206	724
2206	1286
2206	285
2107	814
2107	1220
2107	1599
1085	479
1085	369
1085	701
1440	604
1440	383
1440	868
1758	800
1758	905
1758	3281
1540	852
1540	1005
1540	1794
621	2189
621	469
621	1844
3234	3401
3234	23
3234	439
516	3488
516	317
516	381
1721	118
1721	1497
1721	103
2956	1027
2956	914
2956	188
1988	1018
1988	914
1988	242
1405	508
1405	229
1405	30
1973	1791
1973	3354
1973	695
2740	2372
2740	626
2740	30
872	118
872	529
872	2728
1236	239
1236	3309
1236	259
3324	915
3324	914
3324	642
3313	396
3313	551
3313	904
1957	118
1957	3448
1957	1282
380	118
380	1008
380	1282
675	414
675	70
675	378
767	570
767	2511
767	1025
2624	1375
2624	727
2624	30
1635	118
1635	57
1635	567
199	406
199	22
199	882
2700	13
2700	2751
2700	642
2180	604
2180	1006
2180	2120
2359	1395
2359	634
2359	1307
1340	530
1340	305
1340	683
325	1409
325	383
325	723
3259	915
3259	845
3259	1507
2587	331
2587	673
2587	680
1195	817
1195	478
1195	72
2199	479
2199	159
2199	1792
3421	508
3421	1068
3421	1342
1485	1091
1485	807
1485	1673
641	508
641	572
641	30
1327	301
1327	5897
1327	282
1826	1751
1826	63
1826	523
2371	1581
2371	1435
2371	415
1993	215
1993	807
1993	1679
1449	4195
1449	227
1449	2233
1772	1684
1772	1855
1772	37
3416	302
3416	697
3416	37
2109	1817
2109	1338
2109	625
818	598
818	529
818	574
2788	1666
2788	111
2788	574
419	118
419	529
419	1768
2763	213
2763	3505
2763	68
1223	1540
1223	368
1223	89
1896	414
1896	1427
1896	251
1034	1532
1034	379
1034	77
1247	280
1247	700
1247	1346
3028	233
3028	933
3028	44
1177	555
1177	905
1177	1552
2836	39
2836	3307
2836	1065
3071	3412
3071	202
3071	883
85	65
85	327
85	5197
1515	1306
1515	5
1515	1821
882	165
882	145
882	44
1089	479
1089	572
1089	300
1345	331
1345	32
1345	1740
2916	1581
2916	2198
2916	112
2178	280
2178	1295
2178	262
997	852
997	133
997	1396
3562	1816
3562	63
3562	241
2777	1452
2777	2019
2777	1391
2984	437
2984	105
2984	3085
2225	489
2225	4041
2225	68
2949	256
2949	2198
2949	625
2156	2354
2156	1683
2156	1914
1277	165
1277	905
1277	2057
967	280
967	2096
967	990
1636	928
1636	4979
1636	1234
1106	118
1106	271
1106	217
262	672
262	202
262	72
3055	41
3055	379
3055	713
234	1329
234	1122
234	2166
769	5619
769	379
769	417
996	801
996	130
996	1749
3092	563
3092	1586
3092	1865
3150	301
3150	1017
3150	1621
2854	598
2854	551
2854	1597
1136	508
1136	229
1136	6
2424	508
2424	229
2424	101
1183	1452
1183	816
1183	112
3276	6028
3276	2366
3276	258
2254	566
2254	551
2254	1328
724	1409
724	3307
724	642
2990	118
2990	271
2990	3000
597	178
597	170
597	1792
2406	2361
2406	478
2406	258
1276	2361
1276	247
1276	258
1159	1027
1159	229
1159	268
2610	1787
2610	317
2610	675
1095	648
1095	305
1095	217
2712	6276
2712	18
2712	680
3207	304
3207	1066
3207	1960
2245	39
2245	1052
2245	918
130	39
130	133
130	506
267	13
267	379
267	44
45	1103
45	70
45	263
2679	118
2679	2449
2679	360
2025	479
2025	1493
2025	1396
2065	1018
2065	603
2065	753
383	39
383	551
383	181
97	39
97	322
97	27
722	65
722	367
722	372
1559	555
1559	1100
1559	268
964	655
964	379
964	78
393	118
393	804
393	460
2145	928
2145	758
2145	786
1888	722
1888	825
1888	1188
1027	3084
1027	107
1027	72
1697	452
1697	379
1697	642
898	560
898	2751
898	89
2617	302
2617	1393
2617	1385
349	560
349	63
349	287
1348	245
1348	1433
1348	1265
223	319
223	18
223	44
504	759
504	317
504	808
899	479
899	789
899	181
140	118
140	4281
140	1282
615	118
615	914
615	574
1776	859
1776	170
1776	653
2605	616
2605	1470
2605	525
2770	118
2770	920
2770	2728
2634	39
2634	1596
2634	417
896	2426
896	572
896	485
2077	2937
2077	2429
2077	786
1737	2476
1737	107
1737	27
2306	290
2306	32
2306	676
1603	1998
1603	383
1603	446
289	929
289	105
289	263
1394	118
1394	1008
1394	30
3555	16
3555	711
3555	2317
2067	2207
2067	816
2067	1749
2706	48
2706	1592
2706	1234
2803	2320
2803	369
2803	963
2279	3431
2279	133
2279	2728
1372	179
1372	247
1372	27
3124	179
3124	4553
3124	44
2820	1518
2820	275
2820	188
1231	852
1231	2796
1231	541
1983	722
1983	50
1983	2859
3557	560
3557	63
3557	6826
2887	2106
2887	1596
2887	483
2618	39
2618	325
2618	1649
3235	437
3235	67
3235	1942
3031	2320
3031	23
3031	1282
466	508
466	749
466	1396
2824	508
2824	4606
2824	2236
1422	1474
1422	229
1422	709
1469	595
1469	478
1469	990
2775	319
2775	1493
2775	808
538	1711
538	3033
538	5197
2300	848
2300	3354
2300	483
1074	414
1074	727
1074	1507
593	672
593	665
593	1507
2848	3301
2848	401
2848	902
1827	146
1827	942
1827	2166
1915	1223
1915	1570
1915	1705
1656	598
1656	305
1656	1385
915	244
915	1486
915	1325
2699	4082
2699	2735
2699	3559
2328	290
2328	2735
2328	3559
1319	957
1319	1605
1319	1727
801	2590
801	3635
801	3271
1792	479
1792	933
1792	701
2100	1042
2100	442
2100	2780
2004	331
2004	7091
2004	2233
3252	1501
3252	1222
3252	121
153	1172
153	572
153	30
1597	794
1597	551
1597	1844
3274	685
3274	207
3274	37
625	414
625	130
625	5094
1567	1666
1567	23
1567	683
869	685
869	368
869	1065
1858	719
1858	274
1858	857
2248	245
2248	561
2248	1484
2222	118
2222	247
2222	168
1349	5040
1349	2041
1349	3024
3312	928
3312	2123
3312	4014
3283	555
3283	368
3283	1425
160	814
160	10435
160	574
2064	118
2064	816
2064	2236
2958	2106
2958	2579
2958	262
956	118
956	529
956	1385
3439	452
3439	50
3439	2224
806	570
806	1928
806	2032
3402	13
3402	317
3402	1727
2924	239
2924	620
2924	372
2338	630
2338	2123
2338	683
761	233
761	2441
761	1798
840	233
840	1486
840	506
3090	2351
3090	383
3090	324
2596	859
2596	303
2596	1396
464	1223
464	932
464	642
2401	3299
2401	845
2401	1025
2964	414
2964	700
2964	1142
123	118
123	700
123	574
2419	555
2419	4050
2419	258
2650	2210
2650	133
2650	567
2380	16
2380	105
2380	2649
1669	1998
1669	933
1669	72
2083	1998
2083	32
2083	485
401	2442
401	229
401	112
347	233
347	105
347	30
2493	489
2493	5
2493	1914
1756	244
1756	271
1756	1059
596	1452
596	1068
596	181
2440	452
2440	749
2440	78
3147	621
3147	565
3147	1700
2782	118
2782	572
2782	3619
1982	3221
1982	133
1982	2771
526	655
526	379
526	89
3211	4214
3211	1134
3211	3473
3273	3054
3273	807
3273	2728
2676	2939
2676	665
2676	2086
3256	13
3256	1029
3256	6891
3217	117
3217	369
3217	160
2951	165
2951	113
2951	1065
2766	1989
2766	229
2766	263
370	3134
370	2704
370	683
1976	518
1976	305
1976	85
926	508
926	305
926	663
42	2621
42	383
42	1707
3011	1817
3011	1586
3011	691
3114	2748
3114	572
3114	483
195	394
195	766
195	1673
3070	4141
3070	815
3070	1607
2450	406
2450	107
2450	2946
2829	570
2829	1179
2829	713
1462	452
1462	1486
1462	262
2955	1944
2955	2556
2955	862
2707	1018
2707	1421
2707	990
2283	213
2283	130
2283	315
1522	118
1522	577
1522	567
1981	775
1981	933
1981	567
2031	1540
2031	191
2031	669
700	1375
700	191
700	264
3330	5359
3330	107
3330	625
3008	2189
3008	845
3008	1821
1523	39
1523	379
1523	1012
438	245
438	1448
438	1952
3029	1104
3029	303
3029	112
3126	1018
3126	1338
3126	1025
131	2106
131	32
131	1755
822	39
822	50
822	857
3155	5022
3155	229
3155	918
2497	560
2497	368
2497	263
710	479
710	367
710	372
1555	1172
1555	552
1555	1025
2780	957
2780	1448
2780	1426
2118	1893
2118	914
2118	241
2423	245
2423	1506
2423	121
3251	7684
3251	105
3251	683
3160	508
3160	804
3160	4034
1950	508
1950	4391
1950	2236
1033	1409
1033	229
1033	160
1823	1306
1823	607
1823	37
2570	479
2570	105
2570	1142
3381	790
3381	67
3381	181
2059	244
2059	338
2059	282
204	39
204	481
204	1221
1892	118
1892	711
1892	137
16	245
16	1435
16	2166
1509	213
1509	529
1509	1282
3304	302
3304	191
3304	1768
1240	859
1240	955
1240	1385
127	570
127	1646
127	264
1489	3076
1489	67
1489	1280
2044	929
2044	1586
2044	217
519	302
519	363
519	72
2724	872
2724	63
2724	588
3417	118
3417	2301
3417	30
816	1492
816	481
816	1212
1992	304
1992	1486
1992	1604
2264	2934
2264	1066
2264	544
1895	13
1895	2250
1895	713
2913	302
2913	947
2913	378
92	560
92	1175
92	91
1750	1581
1750	247
1750	2844
1940	3945
1940	1338
1940	523
1761	1750
1761	237
1761	399
2505	1042
2505	369
2505	857
2001	479
2001	3258
2001	3528
3541	2114
3541	1433
3541	3554
3338	4243
3338	2341
3338	91
738	598
738	2123
738	1025
1204	1540
1204	170
1204	440
1661	1329
1661	32
1661	1085
2641	6011
2641	144
2641	371
2112	560
2112	130
2112	37
2024	872
2024	960
2024	121
1144	118
1144	603
1144	225
532	410
532	1336
532	195
1774	319
1774	1392
1774	683
3169	3084
3169	791
3169	979
1665	3134
1665	473
1665	1775
3116	1050
3116	529
3116	3436
1646	319
1646	335
1646	953
1335	957
1335	632
1335	1607
2732	563
2732	1179
2732	372
2362	245
2362	3079
2362	544
1058	1018
1058	1110
1058	2104
1439	1581
1439	155
1439	30
561	165
561	317
561	264
1652	302
1652	317
1652	264
2774	1409
2774	3523
2774	2723
1023	1457
1023	2735
1023	263
2654	118
2654	305
2654	1058
780	759
780	481
780	2145
2212	13
2212	551
2212	85
2553	598
2553	5784
2553	544
2492	1042
2492	1608
2492	1507
3115	2207
3115	2364
3115	2728
3022	1018
3022	1840
3022	2502
3106	8798
3106	401
3106	1775
1930	1050
1930	2857
1930	507
939	1395
939	914
939	2233
1137	1518
1137	105
1137	49
0	1452
0	1068
0	683
3427	1864
3427	551
3427	1902
1946	2748
1946	1486
1946	433
1017	598
1017	905
1017	713
943	2617
943	850
943	713
618	570
618	2441
618	1282
3543	527
3543	368
3543	1142
2710	759
2710	6148
2710	1234
3546	36
3546	2468
3546	1019
521	445
521	379
521	567
2694	445
2694	1168
2694	483
342	118
342	368
342	89
2153	5002
2153	903
2153	85
1234	165
1234	247
1234	160
919	245
919	1283
919	523
2664	1532
2664	1605
2664	1966
3066	39
3066	606
3066	578
2826	1922
2826	1470
2826	1059
1216	13
1216	327
1216	802
2791	2742
2791	3019
2791	1263
1995	280
1995	1374
1995	446
3568	1434
3568	903
3568	112
2980	165
2980	322
2980	4059
1387	1761
1387	673
1387	3138
2140	13
2140	325
2140	2669
2598	872
2598	136
2598	112
1310	860
1310	807
1310	1346
2167	182
2167	3354
2167	1346
2217	2625
2217	607
2217	883
2577	179
2577	2419
2577	808
1899	570
1899	379
1899	1705
2160	3458
2160	353
2160	1755
825	13
825	63
825	34
3182	3757
3182	23
3182	1507
41	479
41	23
41	241
165	2210
165	1586
165	1792
2651	957
2651	1174
2651	647
1945	118
1945	933
1945	3171
841	118
841	63
841	3171
2692	48
2692	766
2692	2596
3157	4306
3157	305
3157	264
343	118
343	2755
343	264
909	872
909	305
909	2502
3418	2748
3418	481
3418	2781
2182	2207
2182	368
2182	1345
2413	118
2413	1470
2413	1798
2340	860
2340	516
2340	862
937	598
937	673
937	1025
3469	302
3469	305
3469	564
236	39
236	3208
236	4652
3103	463
3103	551
3103	34
594	1027
594	405
594	72
1587	1027
1587	933
1587	1707
1598	1027
1598	821
1598	30
2582	1027
2582	2656
2582	30
2704	2253
2704	821
2704	642
723	508
723	368
723	1025
493	479
493	50
493	1346
161	570
161	229
161	241
2321	1922
2321	2129
2321	72
1805	598
1805	583
1805	360
2196	598
2196	933
2196	282
1104	598
1104	529
1104	72
2525	118
2525	914
2525	625
3036	479
3036	107
3036	2565
577	595
577	572
577	264
2737	118
2737	2364
2737	241
418	655
418	1592
418	683
633	319
633	529
633	30
3359	957
3359	551
3359	1221
1581	98
1581	1008
1581	293
1809	43
1809	234
1809	263
2993	2399
2993	3307
2993	181
3406	1018
3406	3311
3406	544
654	598
654	207
654	30
1354	929
1354	905
1354	683
535	7
535	383
535	112
3394	7
3394	383
3394	4267
2346	928
2346	1168
2346	440
948	479
948	379
948	2120
2929	1787
2929	325
2929	91
2302	1050
2302	367
2302	1346
3099	213
3099	247
3099	258
3152	467
3152	374
3152	2180
451	1751
451	2228
451	1282
540	1751
540	363
540	1282
2644	547
2644	1626
2644	372
1460	452
1460	577
1460	506
3019	3458
3019	495
3019	1025
3260	2331
3260	1771
3260	680
1944	118
1944	487
1944	2462
1280	59
1280	229
1280	753
1376	48
1376	2129
1376	4897
391	3671
391	229
391	902
333	1452
333	577
333	446
2277	722
2277	224
2277	446
3429	98
3429	1357
3429	324
1264	301
1264	368
1264	683
145	5040
145	317
145	85
3165	319
3165	673
3165	315
670	5148
670	1348
670	1495
1594	570
1594	473
1594	30
2933	1340
2933	726
2933	544
2748	6858
2748	5
2748	300
410	331
410	807
410	506
1416	209
1416	1348
1416	112
2728	928
2728	368
2728	1173
3163	852
3163	890
3163	3966
2558	39
2558	369
2558	1234
961	245
961	1286
961	2317
1683	3073
1683	2228
1683	1755
921	1765
921	335
921	2502
1101	1751
1101	275
1101	3591
686	2750
686	577
686	574
3297	118
3297	2123
3297	96
3064	1452
3064	2277
3064	44
2885	3323
2885	111
2885	2438
711	437
711	115
711	72
3524	244
3524	5590
3524	85
1046	2361
1046	471
1046	918
2006	929
2006	25
2006	242
3341	1042
3341	18
3341	1476
555	13
555	1029
555	77
2456	239
2456	1491
2456	121
1093	1067
1093	3610
1093	143
1503	3840
1503	338
1503	523
661	705
661	338
661	460
2511	598
2511	136
2511	713
514	957
514	105
514	27
1582	2766
1582	3252
1582	882
1163	5558
1163	368
1163	3169
2550	535
2550	2506
2550	1352
270	759
270	617
270	235
3183	290
3183	191
3183	3167
648	4268
648	2245
648	2676
2311	479
2311	67
2311	1425
957	118
957	322
957	935
3030	929
3030	933
3030	1280
437	100
437	845
437	883
3107	118
3107	2449
3107	567
1043	467
1043	1435
1043	1087
169	414
169	18
169	371
405	570
405	607
405	378
986	4107
986	673
986	2860
3206	595
3206	1052
3206	1849
1284	655
1284	2908
1284	1755
2095	13
2095	3338
2095	181
3082	39
3082	2569
3082	89
3426	1115
3426	226
3426	703
1140	848
1140	513
1140	683
1657	479
1657	2951
1657	1385
2862	957
2862	1179
2862	703
2896	319
2896	63
2896	541
3391	192
3391	1343
3391	4183
3265	1751
3265	487
3265	1212
2790	570
2790	2123
2790	1673
3162	3855
3162	403
3162	143
1605	1409
1605	3714
1605	112
3056	9099
3056	237
3056	315
796	1395
796	529
796	2728
3013	1452
3013	202
3013	300
815	319
815	1174
815	4335
46	2748
46	227
46	242
2567	2361
2567	2364
2567	950
453	1042
453	229
453	953
3091	598
3091	1424
3091	574
2161	1067
2161	2626
2161	574
3112	2374
3112	28
3112	3021
2244	2881
2244	401
2244	2109
121	118
121	107
121	862
2046	319
2046	4152
2046	5231
1392	48
1392	2704
1392	166
910	5299
910	1470
910	436
2637	108
2637	275
2637	460
1368	1501
1368	577
1368	1212
750	929
750	368
750	753
2232	1874
2232	816
2232	258
1490	560
1490	133
1490	1914
1452	1876
1452	369
1452	211
1211	508
1211	271
1211	217
1505	3299
1505	603
1505	1101
2696	1566
2696	603
2696	1101
3137	4214
3137	363
3137	217
2528	467
2528	816
2528	137
1948	1067
1948	942
1948	2546
1455	1452
1455	3267
1455	483
823	852
823	229
823	30
1821	547
1821	1205
1821	1821
2218	1711
2218	303
2218	235
482	118
482	914
482	862
1486	1027
1486	398
1486	857
496	1027
496	405
496	857
1330	245
1330	32
1330	1849
3020	437
3020	554
3020	52
3356	213
3356	1529
3356	1346
1531	479
1531	50
1531	34
1328	479
1328	572
1328	862
587	874
587	565
587	1352
384	874
384	133
384	1352
2523	319
2523	905
2523	264
2832	698
2832	749
2832	30
2246	7808
2246	3599
2246	372
1316	301
1316	845
1316	3555
1621	859
1621	2601
1621	2502
783	859
783	136
783	285
2687	929
2687	845
2687	2017
1373	3788
1373	681
1373	1673
3202	239
3202	1222
3202	2771
2317	290
2317	1639
2317	1196
2168	1581
2168	4112
2168	30
1353	917
1353	3338
1353	268
2190	2752
2190	368
2190	2166
982	555
982	368
982	85
2124	555
2124	1605
2124	1346
3269	244
3269	1336
3269	2765
1494	1501
1494	2019
1494	2728
2818	598
2818	2444
2818	3188
847	598
847	305
847	3188
1477	598
1477	3648
1477	574
1427	1518
1427	325
1427	574
319	5167
319	807
319	2017
1326	1761
1326	328
1326	703
1445	1104
1445	130
1445	868
1138	39
1138	577
1138	523
2078	508
2078	665
2078	3024
467	508
467	577
467	574
1932	341
1932	1122
1932	4267
2481	8496
2481	1122
2481	990
881	555
881	1174
881	506
2144	555
2144	1538
2144	642
908	3757
908	1110
908	857
849	860
849	67
849	3567
487	872
487	700
487	588
2725	1289
2725	5346
2725	27
764	233
764	1008
764	446
1771	1518
1771	572
1771	523
2792	13
2792	113
2792	691
3053	16
3053	572
3053	30
1898	245
1898	274
1898	1199
2047	290
2047	1130
2047	1431
1782	555
1782	379
1782	546
1801	4118
1801	1855
1801	242
1279	3827
1279	383
1279	181
1959	118
1959	667
1959	78
927	1104
927	229
927	258
133	560
133	105
133	868
24	13
24	379
24	85
1882	13
1882	815
1882	85
2701	1515
2701	791
2701	990
706	118
706	325
706	1676
3187	794
3187	1625
3187	2317
1574	1395
1574	23
1574	460
757	1042
757	914
757	574
1701	1492
1701	577
1701	1355
462	560
462	63
462	1673
94	1518
94	914
94	709
1553	1395
1553	403
1553	523
394	598
394	67
394	72
3519	479
3519	1068
3519	2265
663	390
663	1239
663	683
214	479
214	419
214	263
107	408
107	2364
107	783
1317	39
1317	271
1317	78
1064	2819
1064	155
1064	263
3503	2621
3503	617
3503	1910
2056	2361
2056	322
2056	574
1502	479
1502	1586
1502	1865
2266	705
2266	3121
2266	112
54	118
54	322
54	95
2137	555
2137	55
2137	578
2468	1443
2468	632
2468	1632
1517	2761
1517	700
1517	544
1361	1706
1361	5
1361	3720
221	118
221	367
221	72
3166	306
3166	70
3166	544
275	319
275	305
275	802
1739	655
1739	5631
1739	2728
446	560
446	2312
446	714
3108	555
3108	18
3108	523
61	2635
61	5
61	258
1237	43
1237	247
1237	436
3226	915
3226	115
3226	372
174	118
174	650
174	862
3241	2452
3241	4777
3241	446
2594	1518
2594	932
2594	2194
2157	655
2157	1348
2157	460
2629	65
2629	130
2629	1914
760	65
760	2789
760	1914
3353	245
3353	1799
3353	210
3232	927
3232	395
3232	8570
3000	535
3000	529
3000	268
2436	1947
2436	2601
2436	1385
3065	1289
3065	1620
3065	574
2221	48
2221	86
2221	772
3156	649
3156	614
3156	3730
3267	36
3267	402
3267	1065
2983	290
2983	1774
2983	217
48	13
48	5
48	701
1694	465
1694	368
1694	89
3308	518
3308	607
3308	683
212	518
212	607
212	258
455	1320
455	529
455	436
1105	43
1105	1052
1105	918
1535	3511
1535	130
1535	701
3117	3045
3117	326
3117	1290
2249	2399
2249	1635
2249	263
461	560
461	32
461	1142
1493	43
1493	577
1493	1346
2752	814
2752	5
2752	597
2333	420
2333	133
2333	1558
581	319
581	572
581	242
1875	595
1875	1068
1875	642
1987	148
1987	6167
1987	7038
3293	1289
3293	175
3293	683
1731	6879
1731	481
1731	2702
2807	301
2807	815
2807	1827
465	158
465	845
465	1914
3244	843
3244	2342
3244	372
1728	929
1728	2730
1728	258
1840	604
1840	1360
1840	483
1966	452
1966	3581
1966	263
154	39
154	67
154	44
205	2442
205	67
205	30
3537	48
3537	363
3537	3966
2038	290
2038	305
2038	687
3463	759
3463	3019
3463	1346
1931	1819
1931	142
1931	506
489	8818
489	2468
489	268
3405	1452
3405	577
3405	324
25	1452
25	577
25	1038
95	1581
95	294
95	30
1404	860
1404	914
1404	3167
2147	390
2147	1477
2147	1844
863	319
863	901
863	6844
754	498
754	554
754	544
3380	213
3380	1232
3380	217
3502	239
3502	830
3502	1705
1549	1518
1549	632
1549	1705
3172	406
3172	325
3172	683
1307	5040
1307	271
1307	1708
1293	280
1293	379
1293	1749
3533	2372
3533	338
3533	1425
963	1518
963	50
963	242
1563	817
1563	3308
1563	446
3411	179
3411	379
3411	7038
2663	595
2663	271
2663	802
141	65
141	383
141	683
3511	1329
3511	3252
3511	34
500	302
500	401
500	30
322	1452
322	533
322	30
175	761
175	2455
175	1755
3370	43
3370	335
3370	4059
3148	165
3148	335
3148	701
3315	244
3315	3759
3315	251
2837	741
2837	1254
2837	300
499	1184
499	105
499	282
188	2361
188	1186
188	217
1812	3415
1812	379
1812	446
13	36
13	55
13	669
1624	1518
1624	905
1624	523
548	2590
548	271
548	525
3414	319
3414	3425
3414	30
3275	957
3275	1179
3275	918
1843	570
1843	261
1843	293
1693	118
1693	829
1693	47
2379	1344
2379	2773
2379	1199
2345	1909
2345	305
2345	242
1467	244
1467	1262
1467	2438
150	39
150	1688
150	3823
3305	1347
3305	12
3305	460
1545	1172
1545	305
1545	85
63	245
63	726
63	1865
3326	4192
3326	271
3326	3619
676	1443
676	105
676	683
2357	518
2357	105
2357	258
3139	570
3139	1586
3139	1234
2280	1042
2280	4085
2280	264
2039	1395
2039	1529
2039	574
2512	817
2512	2908
2512	3966
3387	498
3387	1068
3387	1161
1115	244
1115	305
1115	264
608	1947
608	322
608	1507
1268	445
1268	1596
1268	1062
2236	598
2236	63
2236	3169
2041	117
2041	6318
2041	217
2370	598
2370	1772
2370	360
2414	598
2414	51
2414	217
2611	165
2611	322
2611	2912
2250	118
2250	924
2250	371
2895	118
2895	229
2895	1328
2985	244
2985	191
2985	1355
1738	43
1738	275
1738	3171
2451	1911
2451	2751
2451	574
67	1581
67	1220
67	251
1025	1581
1025	317
1025	251
1856	1793
1856	317
1856	506
3325	4520
3325	368
3325	523
679	39
679	401
679	258
156	1452
156	401
156	1394
1610	598
1610	700
1610	378
3457	2207
3457	562
3457	1085
2652	118
2652	111
2652	446
1997	872
1997	191
1997	2684
1483	1403
1483	2424
1483	2684
182	859
182	26
182	709
246	508
246	305
246	242
3477	319
3477	7264
3477	1246
1698	39
1698	1029
1698	125
3575	535
3575	105
3575	1234
2126	598
2126	4201
2126	1234
2396	2442
2396	32
2396	112
1374	759
1374	107
1374	544
3080	759
3080	1126
3080	544
807	1027
807	2720
807	4267
2071	4610
2071	529
2071	460
2662	872
2662	227
2662	49
506	508
506	7397
506	251
1855	508
1855	3309
1855	251
972	852
972	1029
972	713
518	891
518	673
518	713
3072	2738
3072	469
3072	89
3219	1054
3219	471
3219	258
950	508
950	1006
950	258
2026	118
2026	22
2026	241
3049	3487
3049	2395
3049	372
2015	2320
2015	2579
2015	258
1278	414
1278	577
1278	112
584	5469
584	2024
584	2265
2549	118
2549	379
2549	1941
2856	848
2856	1295
2856	574
2353	1042
2353	955
2353	885
2240	39
2240	4756
2240	6943
2883	1581
2883	229
2883	1833
476	1223
476	914
476	446
3351	424
3351	1486
3351	1346
1807	65
1807	1596
1807	2546
1525	301
1525	133
1525	1413
1128	302
1128	5
1128	544
3179	406
3179	1712
3179	3386
2857	859
2857	4377
2857	96
3428	118
3428	2277
3428	1020
2361	1492
2361	1586
2361	1020
2944	465
2944	55
2944	415
2868	1595
2868	5575
2868	663
3189	320
3189	2791
3189	1266
1816	655
1816	63
1816	354
1165	479
1165	2341
1165	574
3218	479
3218	2659
3218	4302
2871	118
2871	660
2871	5246
685	929
685	726
685	345
256	117
256	133
256	1902
3383	508
3383	667
3383	1212
268	3840
268	3352
268	683
1375	479
1375	580
1375	1920
843	118
843	204
843	1431
3510	1395
3510	63
3510	1182
860	589
860	379
860	112
1291	1974
1291	2735
1291	418
1834	1816
1834	25
1834	544
681	824
681	379
681	6671
1437	240
1437	379
1437	709
1239	555
1239	1186
1239	72
2917	2761
2917	170
2917	541
3317	1457
3317	2250
3317	4897
357	1067
357	261
357	34
520	65
520	70
520	1582
1804	1172
1804	305
1804	264
8	759
8	368
8	1346
3298	3496
3298	229
3298	1221
2312	7808
2312	1222
2312	4607
1221	602
1221	804
1221	72
2743	452
2743	577
2743	753
1608	655
1608	275
1608	235
3474	1329
3474	398
3474	112
2003	598
2003	2935
2003	139
351	13
351	5
351	1142
1020	118
1020	1928
1020	242
549	290
549	435
549	4743
1690	290
1690	1435
1690	258
283	280
283	821
283	381
895	1067
895	1465
895	143
3556	602
3556	529
3556	2233
3498	118
3498	470
3498	1025
1725	213
1725	1449
1725	507
2290	1313
2290	305
2290	371
3306	2442
3306	3603
3306	3188
1363	871
1363	325
1363	1507
3243	3779
3243	5
3243	1933
1242	118
1242	819
1242	3139
495	240
495	227
495	1673
916	817
916	379
916	3554
142	1724
142	107
142	1773
2148	724
2148	577
2148	1676
1312	244
1312	2343
1312	217
1184	6392
1184	325
1184	1234
3074	5966
3074	1283
3074	85
1532	3076
1532	368
1532	1221
271	1452
271	275
271	709
2578	595
2578	667
2578	3125
3197	3458
3197	1853
3197	1025
3138	1244
3138	2575
3138	121
709	479
709	577
709	360
1250	118
1250	1605
1250	72
3122	5471
3122	667
3122	166
1763	192
1763	55
1763	574
2804	437
2804	369
2804	642
3289	65
3289	1066
3289	1325
3410	479
3410	1005
3410	112
887	1457
887	789
887	1844
993	555
993	2343
993	1246
1076	929
1076	572
1076	85
2141	2748
2141	634
2141	574
2373	39
2373	229
2373	1792
1749	118
1749	749
1749	30
243	117
243	373
243	258
2709	1478
2709	133
2709	446
973	118
973	32
973	1385
3039	1152
3039	2198
3039	746
1548	118
1548	129
1548	4034
3344	1104
3344	1835
3344	72
773	118
773	105
773	241
2018	414
2018	614
2018	747
2489	555
2489	2123
2489	360
3010	2939
3010	3590
3010	72
1434	117
1434	580
1434	1821
586	244
586	2240
586	713
2531	1847
2531	338
2531	1025
1554	1518
1554	2685
1554	354
1057	2264
1057	317
1057	1346
1628	3161
1628	5
1628	808
440	302
440	305
440	1792
2028	1042
2028	32
2028	1101
1145	570
1145	2343
1145	52
3198	996
3198	545
3198	2159
542	1518
542	572
542	2438
2075	859
2075	130
2075	574
1671	1042
1671	305
1671	525
954	817
954	3131
954	460
889	570
889	3756
889	1673
2382	2351
2382	2634
2382	112
106	1063
106	1029
106	857
725	2361
725	1220
725	217
2615	1067
2615	1928
2615	1234
2633	2442
2633	1066
2633	85
1924	479
1924	2392
1924	1755
1390	1452
1390	18
1390	372
1413	598
1413	1066
1413	72
912	555
912	933
912	1507
2000	1518
2000	412
2000	1025
3525	3447
3525	551
3525	2317
3495	824
3495	379
3495	1844
2532	479
2532	50
2532	1221
1246	118
1246	32
1246	143
1975	41
1975	933
1975	264
1249	233
1249	23
1249	89
672	2356
672	603
672	242
2776	1067
2776	1185
2776	1346
2390	555
2390	2704
2390	2017
2793	3084
2793	133
2793	217
941	498
941	1493
941	285
1260	245
1260	1074
1260	85
306	852
306	1222
306	210
3508	2372
3508	105
3508	2032
2786	498
2786	3051
2786	263
3170	1165
3170	275
3170	251
3526	566
3526	1192
3526	1607
2915	3084
2915	3051
2915	1282
3233	759
3233	845
3233	1886
79	560
79	305
79	91
1126	1395
1126	634
1126	950
3191	7472
3191	1596
3191	680
1051	917
1051	363
1051	2502
1689	502
1689	2141
1689	653
43	859
43	105
43	523
651	165
651	1659
651	4399
1182	598
1182	224
1182	446
2559	1595
2559	18
2559	868
2374	4789
2374	2573
2374	1886
86	1790
86	1222
86	263
3069	928
3069	305
3069	1352
1481	655
1481	317
1481	1755
376	957
376	133
376	258
9	957
9	133
9	3966
3005	3427
3005	815
3005	574
1060	759
1060	379
1060	1597
1401	244
1401	665
1401	902
457	508
457	577
457	112
337	2320
337	924
337	217
2198	65
2198	133
2198	1065
3216	3817
3216	487
3216	44
1562	479
1562	551
1562	2546
1484	2750
1484	914
1484	1025
2527	759
2527	3309
2527	1159
974	508
974	700
974	574
286	244
286	1374
286	2337
788	244
788	170
788	2337
1190	1518
1190	105
1190	34
3204	824
3204	275
3204	753
458	1010
458	401
458	112
2952	1711
2952	580
2952	4497
2301	1711
2301	580
2301	354
2717	3840
2717	1179
2717	523
2592	570
2592	580
2592	1385
1210	65
1210	583
1210	695
3539	655
3539	2364
3539	372
434	244
434	3599
434	428
1346	1452
1346	905
1346	713
2866	1711
2866	516
2866	1345
1170	280
1170	63
1170	428
578	319
578	1069
578	89
1282	100
1282	133
1282	1282
184	859
184	133
184	85
3264	1725
3264	673
3264	1396
2755	1395
2755	207
2755	2844
1602	928
1602	1270
1602	72
1778	474
1778	583
1778	188
3501	1540
3501	23
3501	2636
3521	2485
3521	5
3521	4668
2894	158
2894	229
2894	139
3250	1027
3250	816
3250	139
1097	302
1097	2129
1097	574
1934	118
1934	379
1934	2684
1068	13
1068	247
1068	1221
1773	1152
1773	1393
1773	683
2839	244
2839	379
2839	2032
1042	244
1042	529
1042	242
2388	817
2388	129
2388	1282
2563	390
2563	70
2563	1140
118	245
118	969
118	1844
2113	118
2113	105
2113	344
1399	688
1399	1611
1399	217
1130	1452
1130	473
1130	1025
190	3084
190	317
190	69
3577	2200
3577	305
3577	7038
2473	705
2473	1360
2473	1101
589	2351
589	1052
589	506
551	13
551	1186
551	85
3456	724
3456	1956
3456	1025
2485	6489
2485	1222
2485	2859
2977	1091
2977	5
2977	1507
734	479
734	58
734	1142
1971	1395
1971	2069
1971	166
2943	872
2943	305
2943	1221
1063	1018
1063	914
1063	3966
623	508
623	4041
623	1396
1473	508
1473	2343
1473	30
272	479
272	1029
272	372
336	555
336	50
336	3340
1757	555
1757	107
1757	1507
2020	649
2020	23
2020	30
2392	233
2392	5
2392	2166
1600	1581
1600	3290
1600	483
416	65
416	338
416	883
2764	64
2764	1110
2764	1391
30	479
30	1343
30	217
888	117
888	379
888	1046
3558	2399
3558	379
3558	1046
1819	2716
1819	2704
1819	89
266	479
266	379
266	195
2568	929
2568	1586
2568	483
1952	290
1952	5657
1952	217
1935	244
1935	5780
1935	251
1962	3511
1962	4529
1962	242
89	100
89	275
89	282
2898	260
2898	2252
2898	360
352	2260
352	412
352	263
609	1581
609	317
609	421
173	929
173	154
173	85
226	1018
226	758
226	1282
2366	555
2366	55
2366	625
1595	65
1595	105
1595	1507
1471	301
1471	133
1471	574
3342	595
3342	5782
3342	990
795	13
795	1524
795	701
1534	1581
1534	170
1534	181
3337	6056
3337	247
3337	870
1301	65
1301	303
1301	381
697	1172
697	234
697	264
2418	759
2418	2469
2418	1649
2332	1067
2332	634
2332	1282
2142	479
2142	32
2142	2860
2920	244
2920	18
2920	1833
1513	1184
1513	816
1513	1607
412	213
412	1835
412	713
2846	482
2846	1435
2846	2233
1685	1877
1685	2601
1685	264
3489	39
3489	4901
3489	663
3466	848
3466	3610
3466	446
2081	1722
2081	1393
2081	663
1356	1452
1356	1427
1356	2224
592	302
592	401
592	360
1238	1989
1238	229
1238	2491
1591	2641
1591	1348
1591	264
2432	1172
2432	23
2432	1025
1623	233
1623	749
1623	112
1879	852
1879	700
1879	1844
858	724
858	473
858	460
2173	722
2173	572
2173	1902
1451	759
1451	1529
1451	85
808	301
808	572
808	89
932	301
932	577
932	85
2827	1138
2827	1170
2827	264
2309	199
2309	224
2309	2175
2621	1042
2621	942
2621	1065
1760	1018
1760	1144
1760	264
29	13
29	749
29	1025
1985	65
1985	1339
1985	695
2265	244
2265	2291
2265	1708
3159	474
3159	1596
3159	282
3443	2987
3443	614
3443	541
3017	36
3017	3599
3017	44
2738	1998
2738	812
2738	91
47	3205
47	105
47	2728
3559	65
3559	8556
3559	857
1601	36
1601	368
1601	1031
3057	1184
3057	32
3057	2438
1002	3212
1002	603
1002	1275
2864	2114
2864	4496
2864	371
1079	555
1079	572
1079	324
730	874
730	261
730	1221
2747	319
2747	2773
2747	446
3280	319
3280	2916
3280	1673
189	65
189	32
189	1649
1866	560
1866	3448
1866	27
2466	598
2466	363
2466	139
3425	3090
3425	2769
3425	3680
1726	1042
1726	1013
1726	723
1870	655
1870	473
1870	360
1666	213
1666	169
1666	242
3149	1223
3149	111
3149	597
408	301
408	379
408	1059
2683	4946
2683	1486
2683	360
2076	479
2076	487
2076	1147
1292	118
1292	305
1292	506
436	13
436	369
436	262
3480	437
3480	2573
3480	2233
2609	2617
2609	325
2609	188
2242	655
2242	807
2242	2728
445	722
445	551
445	808
3441	722
3441	2289
3441	78
3178	394
3178	1498
3178	72
163	394
163	583
163	72
640	1581
640	55
640	30
3509	1409
3509	142
3509	1886
2334	1452
2334	105
2334	1580
2941	36
2941	32
2941	3021
3212	1998
3212	32
3212	1020
255	3299
255	275
255	1157
3399	39
3399	398
3399	1012
3515	1802
3515	23
3515	1770
678	1042
678	405
678	1673
3547	508
3547	1392
3547	1966
1755	39
1755	2796
1755	990
1859	304
1859	442
1859	883
2209	479
2209	2575
2209	1920
3496	759
3496	2343
3496	3567
940	498
940	133
940	1234
1143	3058
1143	305
1143	574
3151	2716
3151	1778
3151	242
2431	302
2431	294
2431	0
3132	1518
3132	749
3132	181
855	929
855	22
855	1507
3354	848
3354	18
3354	1708
2408	1158
2408	471
2408	415
1365	1042
1365	32
1365	1708
2646	1711
2646	815
2646	112
1889	1395
1889	274
1889	990
3084	595
3084	2012
3084	446
3281	244
3281	1885
3281	1773
2702	239
2702	766
2702	264
2928	4913
2928	577
2928	446
38	891
38	700
38	112
1142	118
1142	202
1142	748
1887	1998
1887	133
1887	44
1709	3084
1709	305
1709	709
3323	396
3323	325
3323	37
3339	2253
3339	86
3339	1833
2504	3142
2504	1586
2504	701
480	302
480	305
480	1065
1232	289
1232	305
1232	378
1461	479
1461	247
1461	926
2428	244
2428	2364
2428	691
3014	65
3014	556
3014	1101
2325	1224
2325	204
2325	72
1526	655
1526	383
1526	112
2475	3880
2475	700
2475	683
1972	2207
1972	67
1972	251
960	859
960	1441
960	1234
3033	2750
3033	237
3033	112
3142	463
3142	7641
3142	523
2155	1329
2155	50
2155	525
2027	1172
2027	3309
2027	241
2626	570
2626	1498
2626	6
1848	1816
1848	905
1848	264
2122	65
2122	825
2122	446
2538	5619
2538	317
2538	1307
2962	761
2962	2445
2962	30
3554	100
3554	9
3554	37
1407	1501
1407	229
1407	683
2718	2635
2718	766
2718	371
17	244
17	1949
17	4038
2239	1409
2239	1797
2239	1280
1788	705
1788	1771
1788	49
3490	146
3490	1635
3490	1517
2671	5416
2671	2614
2671	264
3095	479
3095	914
3095	3085
2461	2331
2461	2144
2461	1282
2830	414
2830	700
2830	8189
2892	724
2892	2012
2892	588
1905	1452
1905	905
1905	30
2591	394
2591	398
2591	241
3075	148
3075	2429
3075	7412
176	555
176	1024
176	139
978	655
978	1066
978	836
1186	13
1186	247
1186	926
1980	1010
1980	1090
1980	3125
287	555
287	749
287	242
1770	929
1770	50
1770	372
2616	570
2616	1398
2616	675
3230	555
3230	1081
3230	1082
867	394
867	55
867	2728
2430	290
2430	2601
2430	2337
2238	245
2238	1494
2238	5548
281	245
281	1494
281	701
1955	555
1955	5
1955	1059
1385	1184
1385	271
1385	5623
3475	2440
3475	749
3475	1345
81	2021
81	551
81	446
2583	394
2583	1262
2583	242
728	759
728	1470
728	1794
1862	996
1862	789
1862	85
2974	2750
2974	8090
2974	446
3450	915
3450	766
3450	242
291	290
291	305
291	371
37	319
37	1174
37	483
1715	1622
1715	2198
1715	264
3199	319
3199	2289
3199	1198
614	1051
614	603
614	147
2104	928
2104	317
2104	723
2185	859
2185	338
2185	523
2903	3301
2903	4201
2903	2859
2491	148
2491	2419
2491	218
3424	4332
3424	5089
3424	446
1423	1452
1423	325
1423	1142
88	244
88	322
88	30
3079	3899
3079	529
3079	574
2269	302
2269	2033
2269	2438
3435	1152
3435	2796
3435	1703
1332	555
1332	727
1332	857
2088	1440
2088	2198
2088	112
2773	320
2773	1424
2773	112
2711	280
2711	247
2711	578
313	65
313	545
313	372
2630	6383
2630	572
2630	1844
449	1223
449	363
449	574
3067	929
3067	382
3067	241
877	929
877	791
877	241
1146	479
1146	603
1146	264
1852	479
1852	317
1852	264
1164	2625
1164	1465
1164	1844
3516	598
3516	3033
3516	1282
3468	1010
3468	1066
3468	262
2320	41
2320	5089
2320	713
2384	555
2384	412
2384	2546
1813	1172
1813	373
1813	96
3571	1817
3571	2935
3571	8009
237	598
237	2198
237	30
1272	664
1272	4254
1272	112
1320	555
1320	368
1320	1914
3046	430
3046	270
3046	877
1107	2200
1107	1268
1107	1101
2425	4904
2425	700
2425	258
299	13
299	275
299	78
2398	555
2398	1338
2398	808
2478	411
2478	487
2478	483
1808	566
1808	317
1808	372
403	508
403	317
403	112
2110	1042
2110	1789
2110	195
842	233
842	481
842	89
2509	566
2509	275
2509	574
1783	3084
1783	5657
1783	197
981	118
981	572
981	258
2476	2207
2476	561
2476	683
2981	2442
2981	317
2981	0
1907	118
1907	529
1907	2923
3393	319
3393	107
3393	4461
1362	2710
1362	1254
1362	5548
2639	489
2639	1155
2639	3682
1815	301
1815	298
1815	34
1447	1010
1447	23
1447	112
1157	1010
1157	23
1157	6671
3042	420
3042	270
3042	263
1304	244
1304	363
1304	870
1426	1409
1426	412
1426	1527
3433	16
3433	1144
3433	3340
3144	165
3144	325
3144	262
129	2331
129	55
129	642
3208	2196
3208	317
3208	683
2945	4195
2945	224
2945	1773
2784	1837
2784	271
2784	4199
261	1244
261	1448
261	285
1529	245
1529	758
1529	1246
2324	3076
2324	133
2324	372
763	36
763	924
763	1280
3098	570
3098	1068
3098	188
2080	2552
2080	363
2080	30
242	1702
242	322
242	96
134	1042
134	271
134	378
3419	2854
3419	55
3419	3254
1829	213
1829	247
1829	1599
731	1581
731	1029
731	85
2877	598
2877	1486
2877	282
2229	290
2229	704
2229	1234
971	244
971	4600
971	2037
1008	1698
1008	23
1008	507
1141	75
1141	2228
1141	217
2600	64
2600	1029
2600	112
3564	390
3564	23
3564	44
3531	233
3531	3307
3531	1794
1906	570
1906	175
1906	78
713	1518
713	138
713	3682
3336	4280
3336	305
3336	378
3279	3028
3279	55
3279	2728
3184	244
3184	2198
3184	713
756	474
756	603
756	210
1412	555
1412	8868
1412	30
364	3775
364	565
364	567
1890	3238
1890	149
1890	2216
109	1944
109	1744
109	217
1918	122
1918	270
1918	2477
1530	199
1530	1317
1530	2477
203	3511
203	55
203	241
691	1922
691	328
691	3188
3560	1018
3560	367
3560	217
2152	961
2152	325
2152	701
1299	961
1299	1097
1299	574
3288	302
3288	2364
3288	2636
1556	1452
1556	2863
1556	567
1198	9504
1198	2996
1198	166
1919	5040
1919	70
1919	483
3068	39
3068	2908
3068	372
2016	4095
2016	1160
2016	625
3048	3245
3048	1596
3048	857
151	1395
151	914
151	990
