555	0
1232	1
3271	2
244	0
1835	1
505	2
244	0
317	1
1798	2
16	0
303	1
235	2
304	0
933	1
1755	2
813	0
903	1
1755	2
1067	0
3534	1
2919	2
2244	0
317	1
483	2
244	0
202	1
371	2
7871	0
1122	1
1396	2
280	0
4857	1
1413	2
2207	0
363	1
1198	2
117	0
229	1
747	2
2207	0
295	1
262	2
319	0
697	1
1773	2
390	0
488	1
263	2
437	0
5296	1
72	2
479	0
1069	1
1234	2
1666	0
275	1
2650	2
1816	0
8199	1
72	2
555	0
6186	1
225	2
304	0
7066	1
1628	2
1666	0
1470	1
418	2
7723	0
4730	1
1209	2
1229	0
603	1
1929	2
256	0
14	1
72	2
2856	0
1424	1
567	2
1302	0
529	1
37	2
2207	0
443	1
2478	2
13	0
2579	1
2546	2
595	0
335	1
992	2
3333	0
634	1
2067	2
3333	0
317	1
1929	2
1987	0
338	1
210	2
1057	0
1174	1
372	2
741	0
1122	1
3513	2
117	0
2364	1
1833	2
928	0
2364	1
68	2
396	0
2444	1
68	2
731	0
317	1
567	2
1149	0
1006	1
3883	2
1302	0
2790	1
241	2
13	0
327	1
1607	2
598	0
700	1
188	2
627	0
3589	1
591	2
595	0
7229	1
258	2
3333	0
383	1
77	2
655	0
4673	1
446	2
165	0
1317	1
112	2
3161	0
827	1
990	2
5632	0
819	1
37	2
5393	0
665	1
1280	2
39	0
487	1
2337	2
598	0
2105	1
3125	2
5546	0
23	1
1413	2
848	0
363	1
857	2
244	0
970	1
72	2
1067	0
67	1
578	2
5081	0
914	1
990	2
1863	0
1024	1
669	2
1863	0
1024	1
72	2
957	0
1586	1
37	2
1057	0
665	1
567	2
179	0
481	1
995	2
16	0
700	1
251	2
2750	0
851	1
567	2
2351	0
63	1
1345	2
722	0
275	1
251	2
498	0
23	1
3728	2
424	0
130	1
1507	2
319	0
1586	1
1086	2
5087	0
367	1
147	2
1817	0
1144	1
3587	2
560	0
815	1
2166	2
302	0
815	1
1607	2
928	0
1688	1
2276	2
957	0
2277	1
4840	2
244	0
914	1
6261	2
1223	0
4550	1
436	2
2207	0
673	1
544	2
817	0
247	1
258	2
2207	0
914	1
1670	2
3045	0
111	1
709	2
1340	0
105	1
263	2
1474	0
363	1
567	2
158	0
379	1
2517	2
627	0
338	1
6509	2
290	0
14	1
258	2
555	0
5143	1
2728	2
2485	0
84	1
483	2
2207	0
903	1
1649	2
290	0
84	1
78	2
655	0
2456	1
1173	2
3461	0
603	1
1076	2
479	0
322	1
264	2
1042	0
105	1
1282	2
244	0
1994	1
642	2
39	0
1994	1
642	2
1488	0
322	1
258	2
7652	0
1130	1
1755	2
928	0
1835	1
4660	2
2892	0
1402	1
287	2
2425	0
905	1
85	2
655	0
1122	1
210	2
655	0
1122	1
1619	2
1817	0
905	1
89	2
1810	0
901	1
1119	2
3076	0
1422	1
282	2
244	0
914	1
241	2
560	0
1122	1
1813	2
3461	0
10	1
1396	2
1457	0
322	1
542	2
302	0
1122	1
1076	2
6580	0
322	1
225	2
498	0
170	1
4014	2
118	0
1348	1
642	2
929	0
481	1
3380	2
1725	0
2165	1
1328	2
589	0
529	1
421	2
39	0
937	1
4897	2
929	0
105	1
2276	2
1223	0
288	1
360	2
3758	0
105	1
5475	2
817	0
2267	1
990	2
3255	0
2751	1
703	2
3383	0
2172	1
767	2
31	0
632	1
378	2
1440	0
4112	1
112	2
1172	0
529	1
95	2
1172	0
7009	1
30	2
1172	0
4673	1
30	2
1091	0
914	1
723	2
1725	0
5207	1
72	2
1050	0
368	1
703	2
6427	0
1239	1
1234	2
16	0
2751	1
575	2
1953	0
2569	1
1920	2
319	0
1424	1
625	2
1172	0
942	1
378	2
928	0
905	1
4498	2
2750	0
373	1
3298	2
718	0
819	1
37	2
874	0
933	1
1173	2
1874	0
368	1
3949	2
6089	0
1008	1
4348	2
302	0
665	1
682	2
1158	0
1174	1
523	2
213	0
667	1
625	2
672	0
1112	1
72	2
122	0
1100	1
0	2
4051	0
487	1
2017	2
118	0
363	1
344	2
2351	0
1186	1
258	2
319	0
572	1
345	2
616	0
383	1
446	2
244	0
1317	1
174	2
302	0
606	1
378	2
1795	0
368	1
1507	2
213	0
107	1
282	2
2106	0
32	1
2876	2
420	0
2511	1
4109	2
598	0
63	1
5655	2
2361	0
603	1
264	2
3572	0
368	1
1844	2
1051	0
1130	1
2276	2
479	0
1573	1
37	2
284	0
481	1
683	2
518	0
23	1
862	2
555	0
914	1
251	2
304	0
368	1
523	2
39	0
67	1
78	2
2485	0
1168	1
3868	2
2937	0
673	1
1085	2
1395	0
3062	1
6586	2
16	0
545	1
2107	2
319	0
2720	1
112	2
280	0
471	1
4728	2
244	0
363	1
625	2
420	0
781	1
1676	2
302	0
1338	1
862	2
5307	0
815	1
1507	2
394	0
2250	1
1234	2
414	0
1470	1
1328	2
957	0
700	1
567	2
319	0
665	1
839	2
655	0
67	1
1328	2
1594	0
830	1
558	2
1899	0
3813	1
72	2
4095	0
615	1
0	2
1050	0
1541	1
372	2
570	0
2099	1
1705	2
16	0
5649	1
89	2
4144	0
984	1
2109	2
957	0
580	1
5435	2
118	0
1688	1
1328	2
627	0
3258	1
85	2
178	0
708	1
1867	2
754	0
2456	1
372	2
2234	0
815	1
37	2
917	0
107	1
2187	2
3090	0
1477	1
723	2
724	0
1427	1
881	2
2752	0
2575	1
1258	2
649	0
1427	1
729	2
290	0
632	1
422	2
479	0
3280	1
3188	2
424	0
169	1
135	2
4144	0
338	1
446	2
1877	0
32	1
567	2
2752	0
673	1
714	2
284	0
356	1
567	2
928	0
202	1
241	2
508	0
1712	1
241	2
302	0
2289	1
567	2
1089	0
2437	1
404	2
1581	0
572	1
0	2
498	0
615	1
258	2
2028	0
305	1
567	2
179	0
766	1
1670	2
319	0
1949	1
1426	2
498	0
419	1
210	2
598	0
1835	1
3658	2
302	0
4942	1
264	2
1223	0
529	1
72	2
1899	0
322	1
444	2
165	0
4596	1
85	2
897	0
580	1
2317	2
724	0
697	1
1385	2
290	0
4112	1
241	2
290	0
3362	1
241	2
570	0
2034	1
838	2
1916	0
2366	1
808	2
3757	0
545	1
4328	2
508	0
933	1
767	2
2539	0
7489	1
544	2
655	0
3499	1
2120	2
6392	0
3253	1
85	2
3861	0
1174	1
37	2
848	0
2474	1
1234	2
1018	0
403	1
1316	2
1395	0
1688	1
578	2
245	0
1392	1
975	2
555	0
4076	1
574	2
479	0
2751	1
767	2
2766	0
551	1
78	2
65	0
2870	1
683	2
698	0
2506	1
1326	2
1440	0
2506	1
78	2
1947	0
63	1
1597	2
118	0
379	1
3188	2
929	0
903	1
258	2
331	0
23	1
707	2
1581	0
901	1
78	2
928	0
1254	1
2438	2
406	0
603	1
1860	2
1581	0
970	1
1352	2
179	0
481	1
1065	2
508	0
726	1
72	2
406	0
67	1
143	2
672	0
2468	1
72	2
233	0
338	1
1263	2
213	0
5	1
3749	2
616	0
617	1
2438	2
1488	0
766	1
1597	2
1261	0
1835	1
4269	2
118	0
2289	1
2728	2
118	0
2289	1
217	2
430	0
4900	1
953	2
655	0
4900	1
85	2
13	0
1657	1
1159	2
290	0
603	1
4728	2
290	0
1949	1
558	2
1057	0
1948	1
1085	2
390	0
32	1
423	2
1223	0
5	1
723	2
843	0
673	1
3883	2
563	0
1493	1
235	2
319	0
565	1
282	2
655	0
145	1
210	2
570	0
383	1
72	2
1103	0
412	1
1396	2
463	0
191	1
0	2
394	0
529	1
421	2
649	0
2309	1
1824	2
627	0
577	1
258	2
1816	0
970	1
241	2
479	0
787	1
1200	2
1980	0
1605	1
258	2
722	0
383	1
3964	2
39	0
2951	1
1328	2
1184	0
4112	1
264	2
302	0
708	1
72	2
479	0
1392	1
446	2
1666	0
367	1
264	2
13	0
1402	1
235	2
414	0
368	1
5004	2
929	0
383	1
1914	2
1751	0
4391	1
263	2
1158	0
726	1
1241	2
4366	0
3893	1
2032	2
2374	0
665	1
0	2
570	0
305	1
1234	2
570	0
2123	1
242	2
3058	0
63	1
242	2
319	0
603	1
2860	2
570	0
5274	1
2032	2
43	0
4112	1
870	2
244	0
1041	1
567	2
1091	0
1596	1
683	2
705	0
4112	1
1147	2
1172	0
580	1
2480	2
479	0
1448	1
870	2
406	0
107	1
2109	2
118	0
529	1
436	2
244	0
488	1
72	2
88	0
322	1
2565	2
8506	0
23	1
112	2
928	0
23	1
1705	2
319	0
766	1
3193	2
570	0
914	1
642	2
463	0
2309	1
30	2
1837	0
1402	1
695	2
5029	0
4360	1
1234	2
4243	0
442	1
241	2
2987	0
412	1
2120	2
1464	0
32	1
241	2
508	0
1174	1
544	2
655	0
379	1
1813	2
2264	0
2002	1
3469	2
43	0
561	1
4951	2
165	0
865	1
446	2
5795	0
401	1
483	2
928	0
781	1
1673	2
489	0
105	1
241	2
1018	0
5580	1
2728	2
508	0
789	1
282	2
1018	0
3406	1
1234	2
929	0
1360	1
4675	2
655	0
700	1
2020	2
2114	0
2573	1
753	2
498	0
170	1
703	2
479	0
665	1
2669	2
2621	0
368	1
1287	2
929	0
3522	1
1328	2
1987	0
170	1
1212	2
2207	0
1494	1
523	2
2210	0
785	1
574	2
7375	0
412	1
1241	2
4095	0
545	1
258	2
463	0
3258	1
258	2
977	0
554	1
574	2
302	0
63	1
1673	2
1042	0
363	1
1673	2
508	0
1528	1
1981	2
13	0
5	1
85	2
570	0
3128	1
625	2
3090	0
565	1
446	2
2210	0
766	1
72	2
5365	0
603	1
235	2
319	0
379	1
1012	2
655	0
379	1
1012	2
570	0
1122	1
393	2
319	0
901	1
4840	2
1244	0
2989	1
5420	2
1042	0
363	1
241	2
1810	0
1348	1
1829	2
2258	0
107	1
2318	2
3170	0
845	1
1705	2
724	0
3258	1
1157	2
824	0
2835	1
703	2
39	0
805	1
5340	2
928	0
55	1
2869	2
498	0
369	1
2086	2
5795	0
105	1
78	2
6428	0
708	1
217	2
4708	0
247	1
1931	2
390	0
2026	1
1280	2
1980	0
1008	1
258	2
158	0
1586	1
4381	2
331	0
67	1
1670	2
741	0
3581	1
3166	2
929	0
3581	1
483	2
508	0
1608	1
360	2
1223	0
487	1
990	2
672	0
307	1
1705	2
957	0
32	1
1212	2
957	0
133	1
1212	2
41	0
577	1
72	2
1229	0
1268	1
483	2
479	0
2206	1
217	2
319	0
275	1
2637	2
87	0
726	1
3298	2
3119	0
815	1
125	2
915	0
4611	1
1263	2
319	0
4152	1
862	2
957	0
665	1
935	2
508	0
572	1
258	2
1816	0
572	1
264	2
508	0
572	1
2178	2
498	0
338	1
691	2
43	0
4050	1
483	2
186	0
1497	1
2669	2
1042	0
6577	1
264	2
598	0
107	1
219	2
165	0
700	1
3579	2
1816	0
229	1
0	2
598	0
237	1
143	2
627	0
105	1
3008	2
41	0
317	1
2439	2
627	0
1168	1
68	2
741	0
845	1
360	2
616	0
23	1
4840	2
118	0
369	1
723	2
508	0
903	1
1234	2
7268	0
603	1
2156	2
627	0
368	1
3057	2
213	0
294	1
1221	2
13	0
247	1
1999	2
302	0
363	1
2337	2
390	0
317	1
2885	2
595	0
1800	1
3167	2
775	0
1174	1
333	2
290	0
107	1
1695	2
7	0
615	1
1325	2
7174	0
2034	1
68	2
4870	0
2034	1
258	2
4870	0
2034	1
68	2
209	0
412	1
642	2
4773	0
442	1
514	2
244	0
1745	1
1085	2
244	0
727	1
27	2
1296	0
2380	1
3679	2
2425	0
1332	1
485	2
498	0
63	1
372	2
65	0
229	1
2728	2
595	0
1659	1
417	2
1947	0
673	1
378	2
3084	0
3505	1
544	2
508	0
374	1
544	2
1810	0
572	1
360	2
341	0
392	1
378	2
1987	0
3517	1
339	2
39	0
133	1
360	2
304	0
614	1
418	2
5859	0
305	1
242	2
555	0
405	1
241	2
2440	0
459	1
1212	2
672	0
914	1
72	2
16	0
2773	1
2107	2
1395	0
1360	1
268	2
5409	0
107	1
1015	2
1787	0
26	1
72	2
928	0
1122	1
211	2
1474	0
565	1
1328	2
302	0
1647	1
85	2
43	0
569	1
1782	2
5158	0
1455	1
5714	2
6098	0
529	1
1012	2
563	0
487	1
372	2
1184	0
2954	1
862	2
1184	0
2954	1
96	2
304	0
905	1
808	2
1149	0
4281	1
879	2
209	0
914	1
647	2
570	0
580	1
241	2
1998	0
328	1
72	2
1998	0
379	1
282	2
627	0
942	1
1212	2
1817	0
229	1
112	2
1817	0
572	1
112	2
16	0
170	1
1396	2
555	0
914	1
1920	2
1089	0
1946	1
2317	2
555	0
105	1
808	2
165	0
322	1
264	2
304	0
105	1
1755	2
290	0
32	1
1226	2
598	0
673	1
1282	2
560	0
368	1
89	2
302	0
1007	1
1385	2
570	0
32	1
1226	2
319	0
2033	1
72	2
467	0
708	1
2032	2
158	0
1360	1
1085	2
39	0
368	1
691	2
555	0
5	1
72	2
3880	0
815	1
72	2
1532	0
383	1
1821	2
2621	0
481	1
89	2
817	0
2150	1
72	2
929	0
1857	1
30	2
921	0
368	1
2058	2
957	0
1422	1
147	2
555	0
317	1
1280	2
233	0
295	1
263	2
479	0
295	1
263	2
244	0
1179	1
72	2
928	0
1735	1
1966	2
2440	0
63	1
1012	2
1595	0
727	1
691	2
1508	0
412	1
2728	2
2937	0
850	1
3008	2
117	0
4391	1
1966	2
627	0
363	1
241	2
158	0
2111	1
372	2
874	0
317	1
982	2
874	0
617	1
30	2
165	0
481	1
372	2
414	0
1100	1
1673	2
1395	0
914	1
574	2
319	0
14	1
354	2
566	0
816	1
4335	2
165	0
379	1
3254	2
1067	0
170	1
4497	2
555	0
5	1
723	2
1223	0
1605	1
1867	2
672	0
379	1
72	2
406	0
1400	1
2040	2
2151	0
275	1
1718	2
245	0
1348	1
121	2
2635	0
1254	1
2166	2
65	0
905	1
78	2
2987	0
2041	1
300	2
1987	0
8737	1
857	2
1987	0
845	1
1263	2
1987	0
845	1
857	2
1409	0
4112	1
251	2
319	0
2096	1
713	2
290	0
272	1
2477	2
1595	0
32	1
372	2
244	0
805	1
567	2
1947	0
766	1
3682	2
598	0
332	1
242	2
1998	0
335	1
1328	2
39	0
583	1
2885	2
1028	0
376	1
1352	2
39	0
804	1
1425	2
2374	0
1470	1
324	2
498	0
1130	1
1234	2
560	0
516	1
1062	2
2440	0
942	1
723	2
1817	0
317	1
1507	2
1184	0
305	1
378	2
1492	0
829	1
625	2
43	0
368	1
1065	2
655	0
845	1
695	2
319	0
368	1
72	2
302	0
322	1
72	2
390	0
2698	1
1707	2
1409	0
2698	1
147	2
2482	0
4022	1
642	2
1998	0
322	1
1385	2
463	0
383	1
27	2
406	0
614	1
4464	2
623	0
1298	1
49	2
3593	0
580	1
354	2
655	0
23	1
360	2
4414	0
816	1
753	2
165	0
170	1
601	2
1018	0
1174	1
72	2
2640	0
113	1
446	2
319	0
67	1
2860	2
319	0
552	1
1234	2
616	0
2735	1
3271	2
1054	0
322	1
4065	2
1457	0
905	1
345	2
1067	0
1123	1
625	2
1075	0
488	1
1328	2
1172	0
572	1
264	2
1302	0
307	1
1705	2
655	0
1239	1
264	2
2253	0
4519	1
5094	2
1223	0
2444	1
1413	2
2744	0
412	1
544	2
976	0
545	1
653	2
1540	0
702	1
935	2
3487	0
592	1
703	2
3487	0
473	1
703	2
1302	0
362	1
282	2
508	0
878	1
282	2
1987	0
561	1
3103	2
3525	0
529	1
1282	2
301	0
1112	1
2869	2
65	0
234	1
1798	2
722	0
1949	1
2265	2
2106	0
383	1
5340	2
1329	0
1470	1
1844	2
1581	0
478	1
963	2
1184	0
1174	1
360	2
627	0
67	1
1212	2
555	0
383	1
2665	2
563	0
1100	1
578	2
2467	0
2291	1
1813	2
16	0
202	1
264	2
928	0
379	1
6509	2
301	0
4694	1
1396	2
1018	0
905	1
188	2
244	0
700	1
992	2
1184	0
914	1
97	2
4268	0
275	1
2544	2
118	0
1449	1
446	2
2207	0
67	1
1603	2
158	0
379	1
1234	2
570	0
405	1
507	2
560	0
1068	1
918	2
245	0
3406	1
2224	2
560	0
905	1
300	2
604	0
383	1
1212	2
2207	0
398	1
1085	2
341	0
295	1
1328	2
118	0
529	1
241	2
917	0
229	1
870	2
3779	0
850	1
1607	2
598	0
63	1
675	2
2298	0
865	1
69	2
43	0
673	1
483	2
1120	0
379	1
78	2
1725	0
903	1
2728	2
43	0
271	1
953	2
13	0
14	1
2723	2
39	0
1021	1
181	2
1922	0
1529	1
37	2
420	0
827	1
217	2
917	0
229	1
217	2
2210	0
2077	1
2337	2
117	0
692	1
72	2
3161	0
692	1
72	2
518	0
4509	1
713	2
560	0
5267	1
1065	2
1452	0
2569	1
729	2
627	0
32	1
446	2
4082	0
554	1
315	2
1067	0
766	1
2448	2
1067	0
363	1
2032	2
817	0
914	1
990	2
655	0
3459	1
3463	2
479	0
328	1
110	2
498	0
237	1
251	2
928	0
3306	1
808	2
1154	0
5	1
110	2
508	0
665	1
622	2
244	0
1800	1
935	2
1375	0
368	1
85	2
117	0
1678	1
72	2
302	0
368	1
360	2
290	0
335	1
4641	2
48	0
700	1
262	2
13	0
402	1
1346	2
1018	0
271	1
4459	2
741	0
368	1
3952	2
1138	0
133	1
7059	2
16	0
1778	1
1597	2
2937	0
133	1
3286	2
2937	0
170	1
78	2
158	0
2002	1
78	2
2766	0
67	1
1673	2
2621	0
383	1
999	2
929	0
5	1
1173	2
179	0
905	1
433	2
13	0
5	1
870	2
319	0
32	1
1607	2
1229	0
4732	1
112	2
929	0
6186	1
1385	2
2761	0
369	1
767	2
1581	0
1470	1
89	2
1014	0
271	1
30	2
4095	0
338	1
324	2
16	0
322	1
2726	2
790	0
5	1
2187	2
722	0
57	1
77	2
16	0
170	1
1556	2
957	0
379	1
1085	2
165	0
379	1
868	2
2635	0
903	1
285	2
3028	0
829	1
2544	2
1488	0
202	1
574	2
957	0
583	1
2780	2
3446	0
130	1
217	2
929	0
322	1
3235	2
4144	0
368	1
446	2
118	0
55	1
2042	2
1223	0
665	1
1328	2
414	0
1066	1
1065	2
479	0
1639	1
263	2
1590	0
592	1
258	2
406	0
305	1
91	2
1395	0
766	1
217	2
2374	0
368	1
427	2
2374	0
368	1
2067	2
2208	0
665	1
683	2
445	0
8690	1
77	2
1698	0
933	1
258	2
245	0
303	1
258	2
165	0
4288	1
2017	2
290	0
107	1
78	2
724	0
749	1
802	2
2640	0
4673	1
3060	2
2621	0
63	1
1396	2
1581	0
317	1
241	2
929	0
1338	1
112	2
39	0
1338	1
345	2
2621	0
237	1
1694	2
4435	0
1907	1
285	2
479	0
726	1
823	2
209	0
379	1
1582	2
724	0
142	1
1677	2
1440	0
383	1
857	2
598	0
236	1
2032	2
1980	0
107	1
2032	2
996	0
1379	1
211	2
233	0
170	1
4248	2
1741	0
845	1
44	2
146	0
903	1
77	2
118	0
412	1
258	2
1452	0
3599	1
30	2
555	0
5240	1
567	2
3656	0
572	1
567	2
331	0
379	1
2058	2
1340	0
1635	1
669	2
165	0
704	1
52	2
1452	0
369	1
4467	2
555	0
405	1
713	2
655	0
379	1
68	2
1478	0
405	1
72	2
165	0
845	1
1929	2
39	0
781	1
1708	2
598	0
914	1
72	2
604	0
3228	1
2669	2
2076	0
346	1
683	2
319	0
565	1
241	2
319	0
383	1
72	2
319	0
481	1
241	2
6674	0
766	1
30	2
917	0
903	1
121	2
817	0
1129	1
6249	2
445	0
1605	1
483	2
1042	0
914	1
1902	2
1395	0
63	1
440	2
479	0
1373	1
1012	2
5040	0
338	1
701	2
570	0
261	1
1196	2
790	0
2341	1
85	2
672	0
650	1
1275	2
627	0
2579	1
1554	2
928	0
1255	1
1025	2
3754	0
383	1
1196	2
302	0
4485	1
625	2
560	0
1144	1
870	2
555	0
1144	1
523	2
508	0
234	1
360	2
508	0
133	1
37	2
1998	0
5370	1
446	2
116	0
398	1
78	2
3371	0
14	1
324	2
860	0
338	1
691	2
2635	0
700	1
1665	2
244	0
55	1
2438	2
616	0
367	1
3271	2
598	0
577	1
625	2
2258	0
234	1
625	2
148	0
94	1
287	2
872	0
327	1
1813	2
929	0
1144	1
1020	2
2374	0
1185	1
47	2
244	0
1778	1
625	2
301	0
237	1
423	2
555	0
6694	1
883	2
508	0
1297	1
263	2
1660	0
1949	1
4762	2
1518	0
1068	1
360	2
319	0
305	1
2040	2
319	0
305	1
3473	2
280	0
328	1
1345	2
1725	0
133	1
243	2
2635	0
1029	1
1914	2
118	0
327	1
241	2
1711	0
577	1
567	2
100	0
67	1
2032	2
118	0
1283	1
2080	2
479	0
379	1
1813	2
1440	0
383	1
2317	2
655	0
1068	1
683	2
1003	0
1608	1
160	2
118	0
363	1
6261	2
199	0
1524	1
574	2
1684	0
5362	1
625	2
414	0
1006	1
1597	2
239	0
830	1
1495	2
957	0
2111	1
112	2
1998	0
660	1
112	2
445	0
335	1
121	2
489	0
1283	1
0	2
1457	0
1283	1
418	2
2621	0
1170	1
1396	2
4966	0
2996	1
548	2
498	0
469	1
235	2
4051	0
632	1
483	2
4051	0
632	1
625	2
6580	0
224	1
263	2
595	0
412	1
85	2
595	0
2634	1
436	2
2425	0
20	1
882	2
2939	0
1438	1
96	2
929	0
113	1
1705	2
479	0
481	1
567	2
489	0
32	1
953	2
2207	0
107	1
625	2
4066	0
105	1
1705	2
4622	0
798	1
364	2
39	0
32	1
2728	2
16	0
727	1
1212	2
319	0
23	1
7427	2
319	0
305	1
1513	2
3593	0
561	1
263	2
872	0
903	1
1275	2
929	0
63	1
30	2
158	0
1144	1
262	2
39	0
700	1
653	2
244	0
3307	1
683	2
508	0
2019	1
468	2
1184	0
350	1
1025	2
3442	0
325	1
1649	2
3724	0
2511	1
1025	2
929	0
368	1
85	2
1340	0
369	1
2224	2
245	0
583	1
282	2
2976	0
1639	1
417	2
280	0
1360	1
1199	2
2361	0
1110	1
262	2
775	0
2685	1
1705	2
929	0
63	1
300	2
598	0
133	1
2032	2
1751	0
105	1
1142	2
4474	0
191	1
4059	2
595	0
989	1
3057	2
165	0
2019	1
1065	2
165	0
2019	1
1821	2
2621	0
1448	1
37	2
2881	0
2870	1
263	2
8473	0
5	1
0	2
479	0
665	1
258	2
3412	0
1586	1
5055	2
1416	0
412	1
52	2
3161	0
133	1
683	2
2361	0
2241	1
2844	2
547	0
2003	1
112	2
570	0
955	1
188	2
566	0
878	1
574	2
406	0
271	1
1065	2
165	0
1949	1
574	2
5960	0
1734	1
378	2
817	0
2944	1
415	2
239	0
981	1
2435	2
3134	0
63	1
1755	2
290	0
1498	1
1065	2
302	0
1498	1
91	2
3903	0
905	1
601	2
13	0
481	1
2142	2
1050	0
2212	1
85	2
2621	0
368	1
1150	2
2621	0
368	1
112	2
39	0
572	1
808	2
2114	0
845	1
709	2
2114	0
3407	1
2302	2
1120	0
105	1
258	2
1050	0
3279	1
89	2
2588	0
2289	1
282	2
722	0
4522	1
315	2
800	0
229	1
89	2
800	0
229	1
112	2
2750	0
603	1
0	2
3263	0
2573	1
217	2
319	0
335	1
926	2
39	0
4050	1
2728	2
1540	0
561	1
591	2
165	0
170	1
1282	2
4277	0
271	1
1914	2
244	0
379	1
642	2
759	0
379	1
258	2
452	0
1179	1
567	2
555	0
1638	1
217	2
3575	0
338	1
242	2
80	0
1898	1
82	2
148	0
1494	1
1941	2
479	0
368	1
2771	2
3921	0
368	1
1867	2
1452	0
6596	1
1607	2
1452	0
6596	1
112	2
655	0
667	1
258	2
1172	0
1486	1
567	2
65	0
603	1
5946	2
1149	0
2277	1
72	2
2207	0
603	1
197	2
2028	0
1510	1
1705	2
3076	0
383	1
544	2
301	0
3258	1
77	2
2028	0
3038	1
112	2
719	0
57	1
258	2
118	0
204	1
96	2
2597	0
204	1
96	2
87	0
628	1
68	2
655	0
379	1
1065	2
39	0
261	1
3286	2
508	0
572	1
870	2
2971	0
346	1
1705	2
406	0
5620	1
263	2
3401	0
247	1
300	2
87	0
662	1
669	2
213	0
405	1
360	2
2398	0
190	1
217	2
165	0
967	1
3125	2
498	0
3338	1
446	2
320	0
1066	1
241	2
165	0
700	1
1607	2
1540	0
3251	1
483	2
3760	0
3598	1
30	2
244	0
473	1
2438	2
598	0
67	1
625	2
928	0
1618	1
2525	2
1725	0
105	1
72	2
7136	0
8517	1
72	2
117	0
605	1
44	2
3356	0
487	1
259	2
9334	0
1639	1
1316	2
319	0
328	1
3074	2
1788	0
529	1
567	2
555	0
2364	1
372	2
1581	0
363	1
4525	2
244	0
1596	1
2780	2
1054	0
572	1
30	2
722	0
4532	1
1914	2
722	0
551	1
89	2
1666	0
572	1
2858	2
555	0
1374	1
1346	2
859	0
1427	1
89	2
4004	0
1179	1
990	2
1518	0
1254	1
358	2
1067	0
2312	1
1280	2
165	0
766	1
2166	2
672	0
14	1
259	2
65	0
673	1
1705	2
872	0
237	1
3171	2
5263	0
1470	1
1085	2
48	0
1112	1
446	2
1581	0
529	1
258	2
759	0
1493	1
3271	2
16	0
5860	1
315	2
508	0
2041	1
525	2
555	0
32	1
2067	2
1817	0
2041	1
85	2
1395	0
190	1
2661	2
957	0
1747	1
360	2
1998	0
224	1
483	2
4573	0
529	1
300	2
2641	0
816	1
523	2
1329	0
1771	1
1556	2
570	0
914	1
683	2
570	0
305	1
683	2
118	0
766	1
72	2
118	0
1098	1
1897	2
479	0
305	1
358	2
598	0
7276	1
857	2
598	0
1283	1
378	2
2258	0
914	1
990	2
848	0
580	1
1513	2
555	0
605	1
3411	2
1027	0
442	1
217	2
724	0
1283	1
713	2
957	0
335	1
2193	2
957	0
708	1
2193	2
1089	0
142	1
1085	2
1223	0
1112	1
72	2
1056	0
1066	1
147	2
108	0
551	1
1280	2
1050	0
50	1
34	2
319	0
1029	1
1849	2
555	0
1110	1
3957	2
244	0
4112	1
241	2
1698	0
529	1
3732	2
2361	0
1866	1
990	2
2641	0
5	1
1450	2
560	0
572	1
324	2
2736	0
55	1
2187	2
570	0
67	1
30	2
872	0
67	1
30	2
39	0
572	1
733	2
463	0
2688	1
417	2
7108	0
1144	1
1212	2
1581	0
32	1
1328	2
1340	0
1360	1
1805	2
3050	0
816	1
1025	2
1067	0
7261	1
2728	2
2987	0
665	1
548	2
100	0
4251	1
695	2
2881	0
1975	1
2638	2
2264	0
2441	1
1328	2
655	0
1122	1
235	2
595	0
3756	1
574	2
4407	0
379	1
574	2
43	0
2506	1
625	2
39	0
402	1
1241	2
437	0
247	1
1140	2
1054	0
2456	1
1352	2
178	0
2019	1
1655	2
467	0
1008	1
918	2
3134	0
2579	1
235	2
655	0
204	1
2438	2
256	0
368	1
72	2
1711	0
63	1
1707	2
463	0
481	1
5418	2
859	0
2698	1
440	2
655	0
3448	1
3567	2
2264	0
170	1
653	2
508	0
2034	1
1119	2
508	0
368	1
34	2
655	0
2419	1
1886	2
213	0
442	1
567	2
698	0
5	1
2166	2
209	0
632	1
2859	2
1249	0
170	1
166	2
158	0
392	1
378	2
245	0
2981	1
1604	2
555	0
2981	1
72	2
741	0
1283	1
1085	2
13	0
516	1
6844	2
2597	0
2238	1
514	2
302	0
2044	1
91	2
1594	0
711	1
857	2
1340	0
1160	1
857	2
1817	0
383	1
567	2
2361	0
133	1
72	2
467	0
632	1
574	2
2621	0
247	1
703	2
566	0
2857	1
6844	2
1340	0
2312	1
505	2
1340	0
2312	1
2037	2
755	0
368	1
1328	2
39	0
572	1
34	2
1172	0
363	1
567	2
547	0
383	1
262	2
547	0
708	1
1773	2
1698	0
317	1
868	2
627	0
1659	1
242	2
118	0
1262	1
241	2
1302	0
488	1
241	2
598	0
2064	1
336	2
2442	0
70	1
381	2
929	0
1541	1
723	2
598	0
392	1
1554	2
824	0
933	1
372	2
508	0
379	1
72	2
39	0
7182	1
446	2
165	0
322	1
1844	2
874	0
368	1
2317	2
4682	0
368	1
30	2
319	0
3252	1
147	2
598	0
246	1
139	2
1027	0
379	1
723	2
555	0
107	1
1824	2
233	0
379	1
544	2
655	0
383	1
2472	2
1018	0
207	1
979	2
2110	0
401	1
262	2
213	0
3208	1
1507	2
2976	0
2456	1
5189	2
4845	0
133	1
37	2
1590	0
5	1
601	2
118	0
1835	1
1504	2
928	0
901	1
3171	2
48	0
932	1
574	2
3073	0
2960	1
300	2
570	0
1100	1
85	2
672	0
495	1
1328	2
1091	0
572	1
567	2
1518	0
914	1
1238	2
859	0
368	1
1282	2
1018	0
23	1
578	2
36	0
572	1
1902	2
1042	0
551	1
217	2
5619	0
368	1
324	2
2361	0
5	1
1303	2
555	0
1586	1
483	2
256	0
605	1
242	2
1595	0
551	1
523	2
39	0
67	1
77	2
39	0
367	1
2728	2
1329	0
6771	1
262	2
13	0
261	1
85	2
302	0
914	1
1920	2
87	0
580	1
143	2
598	0
551	1
1792	2
604	0
343	1
263	2
13	0
561	1
4036	2
479	0
2833	1
541	2
465	0
368	1
4703	2
280	0
379	1
2081	2
39	0
229	1
625	2
852	0
617	1
446	2
1067	0
271	1
251	2
2427	0
51	1
567	2
1184	0
6931	1
1352	2
872	0
905	1
4675	2
414	0
32	1
902	2
118	0
1486	1
1507	2
3487	0
815	1
34	2
445	0
442	1
217	2
627	0
799	1
3520	2
1172	0
227	1
1226	2
566	0
322	1
625	2
996	0
105	1
1673	2
627	0
419	1
339	2
41	0
565	1
2104	2
2621	0
1179	1
4362	2
117	0
2312	1
68	2
817	0
1862	1
72	2
467	0
202	1
625	2
775	0
1186	1
709	2
759	0
1620	1
4670	2
1329	0
1271	1
625	2
1152	0
2506	1
601	2
479	0
2506	1
536	2
13	0
170	1
691	2
570	0
322	1
72	2
1698	0
383	1
52	2
233	0
379	1
567	2
240	0
3352	1
112	2
39	0
1448	1
675	2
555	0
4473	1
2032	2
13	0
4528	1
1844	2
1947	0
227	1
506	2
817	0
2593	1
360	2
2597	0
529	1
460	2
570	0
2673	1
37	2
118	0
942	1
4269	2
1057	0
5658	1
1676	2
48	0
401	1
729	2
719	0
2511	1
1221	2
508	0
14	1
1582	2
915	0
130	1
89	2
1446	0
130	1
89	2
929	0
322	1
1910	2
118	0
890	1
1507	2
724	0
673	1
251	2
4243	0
191	1
241	2
199	0
442	1
544	2
547	0
6454	1
44	2
1223	0
2364	1
300	2
2939	0
827	1
990	2
13	0
271	1
4034	2
13	0
1144	1
112	2
598	0
3882	1
2844	2
420	0
317	1
601	2
3329	0
671	1
372	2
705	0
671	1
1965	2
1518	0
1100	1
3411	2
929	0
632	1
2166	2
420	0
191	1
1597	2
817	0
815	1
268	2
3090	0
3727	1
709	2
655	0
2790	1
902	2
655	0
67	1
902	2
244	0
1592	1
91	2
3460	0
2511	1
96	2
13	0
816	1
3554	2
595	0
1605	1
3194	2
813	0
903	1
112	2
1224	0
32	1
574	2
570	0
1954	1
378	2
244	0
1392	1
1865	2
39	0
274	1
703	2
508	0
227	1
862	2
859	0
3893	1
713	2
3779	0
572	1
89	2
304	0
614	1
3254	2
928	0
4050	1
30	2
1595	0
383	1
78	2
5010	0
335	1
85	2
860	0
5	1
870	2
724	0
317	1
1025	2
1223	0
5	1
417	2
2742	0
130	1
523	2
508	0
1360	1
4014	2
2939	0
1789	1
2058	2
741	0
1006	1
112	2
118	0
5	1
1266	2
1706	0
2198	1
217	2
741	0
551	1
3883	2
817	0
1008	1
1860	2
489	0
708	1
262	2
6078	0
1262	1
197	2
891	0
1144	1
3163	2
759	0
368	1
1328	2
759	0
1688	1
2166	2
759	0
368	1
2166	2
2683	0
63	1
567	2
118	0
605	1
72	2
655	0
317	1
1794	2
2557	0
275	1
1794	2
414	0
1835	1
2327	2
396	0
914	1
2276	2
1440	0
2041	1
4614	2
5022	0
379	1
287	2
508	0
572	1
574	2
2260	0
383	1
417	2
3575	0
1006	1
3008	2
116	0
32	1
483	2
3112	0
227	1
601	2
245	0
1273	1
863	2
1409	0
804	1
483	2
872	0
145	1
235	2
655	0
1130	1
439	2
479	0
23	1
217	2
3119	0
113	1
568	2
65	0
142	1
282	2
2937	0
67	1
578	2
118	0
1723	1
3567	2
302	0
305	1
143	2
445	0
207	1
217	2
2621	0
275	1
823	2
959	0
5	1
264	2
6512	0
1374	1
72	2
555	0
2003	1
315	2
13	0
368	1
3085	2
3447	0
481	1
455	2
996	0
1068	1
2166	2
1544	0
551	1
262	2
2899	0
1273	1
372	2
2899	0
816	1
372	2
233	0
105	1
1960	2
319	0
632	1
1085	2
1050	0
1100	1
3171	2
117	0
481	1
709	2
1172	0
70	1
3932	2
1452	0
383	1
89	2
3084	0
1098	1
282	2
3084	0
1098	1
574	2
5309	0
325	1
1059	2
2106	0
63	1
89	2
759	0
1111	1
4459	2
244	0
4182	1
282	2
1181	0
583	1
446	2
244	0
317	1
567	2
1329	0
379	1
34	2
284	0
1428	1
2086	2
13	0
401	1
1065	2
1244	0
335	1
235	2
1340	0
774	1
235	2
4107	0
3307	1
483	2
627	0
551	1
258	2
598	0
933	1
675	2
16	0
1448	1
2636	2
891	0
2392	1
263	2
598	0
229	1
72	2
1838	0
133	1
3883	2
479	0
405	1
112	2
240	0
379	1
1598	2
118	0
572	1
745	2
118	0
565	1
460	2
848	0
23	1
2480	2
117	0
667	1
2480	2
2761	0
338	1
2032	2
996	0
5874	1
263	2
1874	0
401	1
89	2
304	0
401	1
89	2
233	0
317	1
436	2
233	0
353	1
2120	2
759	0
1477	1
263	2
566	0
1494	1
2086	2
502	0
368	1
4592	2
872	0
933	1
642	2
508	0
1781	1
485	2
445	0
325	1
34	2
4619	0
105	1
753	2
555	0
229	1
282	2
118	0
933	1
264	2
560	0
1174	1
89	2
146	0
545	1
2728	2
560	0
650	1
713	2
1289	0
207	1
1792	2
563	0
383	1
263	2
508	0
1800	1
3883	2
1151	0
572	1
85	2
1151	0
29	1
217	2
1151	0
5296	1
217	2
560	0
711	1
1265	2
158	0
876	1
218	2
39	0
10129	1
37	2
848	0
18	1
258	2
2621	0
275	1
3166	2
39	0
2044	1
52	2
1395	0
63	1
680	2
319	0
23	1
262	2
5729	0
727	1
1628	2
848	0
2030	1
2844	2
965	0
2944	1
2728	2
3393	0
401	1
642	2
3393	0
367	1
642	2
724	0
2573	1
1705	2
452	0
303	1
567	2
118	0
3029	1
567	2
705	0
1427	1
1813	2
655	0
2041	1
30	2
1158	0
473	1
676	2
239	0
1528	1
258	2
3329	0
1144	1
767	2
1027	0
1710	1
166	2
928	0
816	1
89	2
445	0
3433	1
975	2
616	0
227	1
883	2
848	0
493	1
264	2
13	0
3019	1
372	2
165	0
1100	1
2187	2
467	0
572	1
1824	2
1184	0
572	1
857	2
598	0
23	1
857	2
1474	0
2123	1
1065	2
1067	0
592	1
1234	2
759	0
805	1
703	2
759	0
2547	1
703	2
3880	0
63	1
72	2
479	0
3034	1
258	2
1042	0
229	1
68	2
3333	0
2240	1
263	2
1702	0
383	1
258	2
118	0
572	1
241	2
928	0
373	1
3411	2
598	0
3252	1
72	2
1702	0
107	1
37	2
239	0
572	1
838	2
1474	0
662	1
1147	2
508	0
726	1
85	2
3791	0
572	1
258	2
2987	0
368	1
112	2
48	0
363	1
1282	2
3446	0
1068	1
5094	2
3488	0
373	1
742	2
957	0
3258	1
3271	2
118	0
804	1
2187	2
39	0
383	1
167	2
39	0
845	1
167	2
319	0
368	1
4849	2
245	0
572	1
78	2
244	0
572	1
2726	2
39	0
1949	1
723	2
1302	0
845	1
1846	2
256	0
1134	1
1705	2
2374	0
766	1
1266	2
244	0
799	1
1065	2
1595	0
673	1
4034	2
1474	0
708	1
30	2
182	0
229	1
857	2
13	0
700	1
5278	2
4438	0
3505	1
439	2
118	0
905	1
574	2
928	0
5	1
446	2
319	0
4694	1
0	2
598	0
130	1
1025	2
598	0
1774	1
1328	2
302	0
4900	1
72	2
302	0
2698	1
201	2
1947	0
673	1
371	2
213	0
804	1
72	2
1067	0
901	1
85	2
917	0
3434	1
900	2
7723	0
229	1
300	2
1037	0
1772	1
210	2
1184	0
1486	1
2032	2
2621	0
398	1
85	2
118	0
4550	1
258	2
209	0
1005	1
695	2
928	0
2198	1
96	2
555	0
379	1
241	2
1067	0
67	1
1755	2
724	0
2511	1
1794	2
1091	0
383	1
258	2
759	0
942	1
729	2
48	0
766	1
3816	2
165	0
700	1
1705	2
479	0
1174	1
112	2
319	0
605	1
683	2
118	0
353	1
251	2
929	0
5	1
1472	2
929	0
5	1
2166	2
118	0
914	1
300	2
199	0
552	1
101	2
724	0
2277	1
1849	2
589	0
933	1
1212	2
555	0
70	1
2187	2
13	0
105	1
3740	2
627	0
1448	1
1221	2
570	0
305	1
625	2
1909	0
1672	1
3117	2
1440	0
1013	1
439	2
1698	0
23	1
1705	2
1452	0
379	1
691	2
7584	0
105	1
262	2
65	0
603	1
802	2
1452	0
1898	1
567	2
118	0
914	1
729	2
233	0
1688	1
258	2
3921	0
632	1
808	2
245	0
2455	1
808	2
39	0
325	1
372	2
118	0
113	1
506	2
3084	0
1286	1
251	2
4821	0
6901	1
5375	2
508	0
577	1
188	2
508	0
383	1
188	2
1409	0
665	1
1173	2
2646	0
565	1
0	2
118	0
1808	1
1234	2
817	0
1975	1
1234	2
3333	0
572	1
112	2
598	0
1424	1
72	2
2625	0
3517	1
2860	2
244	0
552	1
701	2
280	0
700	1
1821	2
1488	0
368	1
2166	2
1515	0
1283	1
5094	2
2230	0
2129	1
217	2
319	0
2129	1
217	2
100	0
338	1
37	2
16	0
2289	1
1914	2
1457	0
2506	1
1101	2
3763	0
130	1
251	2
279	0
1268	1
1507	2
4118	0
1424	1
72	2
329	0
3003	1
669	2
9774	0
5296	1
1012	2
319	0
275	1
72	2
1478	0
4756	1
282	2
3388	0
816	1
1282	2
759	0
2515	1
669	2
1395	0
1710	1
381	2
917	0
379	1
1319	2
589	0
2198	1
258	2
39	0
572	1
37	2
1409	0
398	1
37	2
245	0
14	1
34	2
1340	0
516	1
1507	2
158	0
1855	1
713	2
284	0
1068	1
1654	2
555	0
933	1
541	2
1702	0
551	1
868	2
445	0
577	1
85	2
445	0
2072	1
85	2
598	0
603	1
574	2
465	0
1029	1
181	2
158	0
561	1
417	2
566	0
2198	1
258	2
2971	0
2239	1
2032	2
566	0
363	1
2032	2
852	0
4756	1
574	2
118	0
799	1
264	2
1056	0
572	1
1865	2
1056	0
572	1
5069	2
213	0
819	1
52	2
213	0
819	1
217	2
2361	0
1283	1
348	2
48	0
3859	1
505	2
1151	0
632	1
683	2
302	0
632	1
1246	2
2621	0
3362	1
683	2
2621	0
63	1
523	2
1302	0
933	1
1065	2
741	0
401	1
1966	2
165	0
338	1
2193	2
555	0
229	1
1914	2
1566	0
229	1
2166	2
3999	0
704	1
2166	2
244	0
369	1
1234	2
3383	0
401	1
372	2
555	0
318	1
436	2
724	0
57	1
862	2
1518	0
1835	1
709	2
917	0
2796	1
78	2
118	0
322	1
2477	2
280	0
133	1
868	2
928	0
338	1
143	2
1409	0
367	1
1142	2
319	0
346	1
5435	2
319	0
4401	1
85	2
7	0
1283	1
1607	2
555	0
392	1
434	2
655	0
4401	1
85	2
1818	0
1797	1
3937	2
5626	0
1222	1
883	2
65	0
317	1
324	2
1817	0
1433	1
3200	2
6611	0
4112	1
870	2
479	0
572	1
112	2
48	0
487	1
950	2
331	0
1360	1
918	2
2939	0
67	1
324	2
741	0
487	1
1396	2
555	0
905	1
701	2
208	0
572	1
91	2
775	0
4094	1
2193	2
39	0
368	1
345	2
570	0
955	1
446	2
245	0
368	1
282	2
1172	0
107	1
3094	2
302	0
552	1
1507	2
1027	0
350	1
990	2
445	0
2228	1
263	2
1980	0
352	1
1705	2
555	0
338	1
6401	2
7791	0
305	1
683	2
244	0
170	1
446	2
589	0
1013	1
72	2
319	0
1541	1
44	2
655	0
960	1
285	2
595	0
5410	1
709	2
790	0
107	1
258	2
3300	0
275	1
3200	2
957	0
577	1
381	2
118	0
133	1
2008	2
598	0
529	1
1234	2
1409	0
551	1
1263	2
302	0
5402	1
143	2
1018	0
529	1
733	2
39	0
113	1
642	2
118	0
816	1
625	2
754	0
402	1
3567	2
2028	0
1262	1
525	2
595	0
247	1
4703	2
518	0
1486	1
713	2
118	0
271	1
1385	2
118	0
63	1
1385	2
118	0
202	1
1025	2
555	0
5	1
225	2
655	0
275	1
3498	2
616	0
1298	1
5909	2
474	0
3252	1
4301	2
598	0
1332	1
1282	2
48	0
704	1
3117	2
3458	0
368	1
1246	2
118	0
487	1
446	2
13	0
379	1
1085	2
13	0
726	1
5345	2
118	0
1853	1
436	2
759	0
383	1
251	2
5960	0
1254	1
2728	2
36	0
369	1
1649	2
874	0
294	1
1282	2
452	0
368	1
868	2
859	0
229	1
360	2
1518	0
204	1
1282	2
301	0
63	1
506	2
929	0
367	1
1821	2
1711	0
8133	1
709	2
1042	0
572	1
241	2
741	0
1232	1
2016	2
6750	0
133	1
1230	2
790	0
665	1
34	2
928	0
368	1
836	2
3431	0
914	1
30	2
118	0
766	1
723	2
118	0
317	1
460	2
560	0
614	1
1396	2
424	0
481	1
1367	2
724	0
850	1
3728	2
508	0
401	1
709	2
213	0
4251	1
1287	2
1440	0
325	1
753	2
722	0
1066	1
1554	2
2701	0
529	1
460	2
1151	0
226	1
34	2
13	0
700	1
918	2
479	0
933	1
3962	2
555	0
577	1
1396	2
245	0
383	1
2109	2
489	0
369	1
574	2
4967	0
529	1
574	2
118	0
363	1
30	2
319	0
756	1
372	2
4082	0
401	1
2728	2
1751	0
816	1
44	2
1751	0
383	1
44	2
2476	0
473	1
1119	2
4435	0
903	1
360	2
4435	0
903	1
121	2
498	0
1448	1
695	2
445	0
23	1
642	2
13	0
4134	1
870	2
3458	0
495	1
2438	2
65	0
3362	1
1961	2
1716	0
914	1
1025	2
4268	0
1424	1
1694	2
445	0
2380	1
285	2
761	0
368	1
4525	2
2783	0
229	1
713	2
118	0
317	1
6788	2
560	0
2019	1
3559	2
1819	0
227	1
574	2
2427	0
383	1
417	2
290	0
665	1
101	2
595	0
169	1
3527	2
595	0
169	1
1914	2
279	0
303	1
285	2
319	0
529	1
241	2
1158	0
565	1
507	2
1581	0
63	1
1065	2
957	0
749	1
1619	2
604	0
105	1
3319	2
2298	0
105	1
1221	2
233	0
229	1
483	2
245	0
551	1
1749	2
13	0
2277	1
5069	2
319	0
227	1
485	2
560	0
488	1
345	2
1452	0
3459	1
1844	2
928	0
373	1
1282	2
148	0
322	1
1396	2
555	0
1179	1
3171	2
1452	0
749	1
506	2
245	0
933	1
372	2
9981	0
419	1
6788	2
871	0
845	1
1705	2
2264	0
577	1
258	2
595	0
766	1
597	2
118	0
294	1
456	2
1488	0
383	1
2120	2
179	0
2263	1
258	2
233	0
14	1
446	2
1698	0
369	1
460	2
2440	0
551	1
703	2
706	0
322	1
77	2
706	0
322	1
354	2
555	0
2871	1
446	2
3119	0
350	1
112	2
100	0
105	1
1234	2
331	0
383	1
3868	2
1172	0
32	1
625	2
280	0
4751	1
27	2
508	0
529	1
723	2
570	0
516	1
251	2
570	0
305	1
904	2
860	0
190	1
1860	2
817	0
2245	1
197	2
623	0
1360	1
3171	2
3920	0
516	1
89	2
453	0
113	1
143	2
3996	0
105	1
372	2
118	0
766	1
990	2
1542	0
275	1
695	2
4474	0
3087	1
91	2
759	0
330	1
709	2
2331	0
1592	1
1773	2
1523	0
338	1
808	2
118	0
1232	1
723	2
1409	0
807	1
3250	2
1320	0
554	1
2869	2
1452	0
335	1
1905	2
595	0
1688	1
168	2
479	0
1671	1
1824	2
165	0
8034	1
574	2
570	0
368	1
1020	2
437	0
4979	1
263	2
2829	0
1360	1
3167	2
1067	0
577	1
354	2
2425	0
4041	1
217	2
331	0
572	1
5395	2
420	0
133	1
1282	2
722	0
317	1
1015	2
3446	0
1404	1
85	2
3446	0
8120	1
5197	2
598	0
368	1
30	2
598	0
2409	1
251	2
817	0
373	1
575	2
1375	0
516	1
77	2
6020	0
2364	1
3200	2
1518	0
3517	1
2173	2
1508	0
1688	1
44	2
43	0
3338	1
5151	2
479	0
305	1
85	2
929	0
67	1
423	2
302	0
1470	1
263	2
331	0
933	1
2302	2
1042	0
57	1
507	2
43	0
5784	1
300	2
118	0
3445	1
1507	2
1018	0
1100	1
5094	2
1018	0
1100	1
1886	2
1518	0
1605	1
381	2
961	0
2820	1
683	2
598	0
615	1
1025	2
414	0
905	1
506	2
39	0
3506	1
4563	2
13	0
379	1
4879	2
1751	0
1797	1
506	2
319	0
2364	1
44	2
508	0
1126	1
1150	2
253	0
756	1
1065	2
2114	0
86	1
262	2
598	0
2041	1
30	2
817	0
55	1
2844	2
598	0
529	1
30	2
2766	0
2129	1
85	2
437	0
170	1
1587	2
65	0
275	1
285	2
43	0
1283	1
883	2
1642	0
379	1
1914	2
555	0
1853	1
68	2
598	0
1380	1
2178	2
872	0
1123	1
1355	2
245	0
1185	1
78	2
6276	0
2228	1
217	2
284	0
914	1
2100	2
1581	0
247	1
2860	2
595	0
554	1
723	2
209	0
442	1
339	2
4051	0
338	1
483	2
2939	0
727	1
857	2
1845	0
305	1
1476	2
118	0
1586	1
264	2
817	0
5	1
2544	2
1814	0
105	1
2661	2
741	0
398	1
27	2
1050	0
369	1
1065	2
759	0
1360	1
709	2
759	0
67	1
709	2
118	0
70	1
217	2
424	0
905	1
683	2
3112	0
580	1
1020	2
722	0
1008	1
251	2
1003	0
26	1
1065	2
1698	0
481	1
72	2
1395	0
3	1
460	2
39	0
401	1
2706	2
4242	0
401	1
1142	2
570	0
2198	1
862	2
165	0
1186	1
1246	2
39	0
170	1
2728	2
722	0
1017	1
1849	2
1515	0
529	1
258	2
48	0
924	1
3075	2
817	0
1232	1
436	2
3170	0
552	1
91	2
1329	0
845	1
1241	2
6841	0
305	1
201	2
6841	0
697	1
201	2
1302	0
4041	1
541	2
775	0
3362	1
1749	2
3458	0
328	1
625	2
3458	0
328	1
262	2
1054	0
1638	1
3241	2
319	0
572	1
683	2
4974	0
572	1
91	2
1838	0
4694	1
1914	2
1067	0
1465	1
709	2
4573	0
3759	1
567	2
627	0
749	1
1142	2
598	0
363	1
675	2
1042	0
9488	1
1914	2
3096	0
2968	1
78	2
2529	0
3773	1
2109	2
655	0
2579	1
2546	2
1698	0
1338	1
428	2
2621	0
473	1
258	2
655	0
804	1
263	2
1104	0
758	1
1025	2
1581	0
271	1
953	2
406	0
592	1
78	2
555	0
379	1
862	2
555	0
379	1
2463	2
563	0
3258	1
235	2
1329	0
363	1
5179	2
319	0
1835	1
5231	2
3880	0
1144	1
713	2
213	0
159	1
574	2
319	0
700	1
1142	2
479	0
1170	1
1150	2
165	0
1781	1
578	2
859	0
572	1
44	2
1172	0
191	1
91	2
118	0
2593	1
601	2
508	0
3338	1
3089	2
4877	0
766	1
85	2
604	0
50	1
691	2
245	0
933	1
27	2
929	0
1424	1
3702	2
2298	0
23	1
523	2
290	0
1005	1
2477	2
560	0
551	1
147	2
560	0
903	1
446	2
1223	0
11	1
574	2
467	0
1774	1
30	2
319	0
1122	1
336	2
13	0
379	1
262	2
566	0
700	1
1101	2
39	0
850	1
574	2
3637	0
866	1
703	2
2028	0
322	1
1263	2
1518	0
379	1
591	2
560	0
3362	1
258	2
957	0
749	1
3555	2
502	0
383	1
2017	2
2621	0
368	1
4459	2
1518	0
1433	1
2020	2
2548	0
133	1
112	2
87	0
435	1
37	2
3054	0
204	1
427	2
655	0
1262	1
241	2
1018	0
1254	1
1906	2
1523	0
224	1
4675	2
508	0
1066	1
663	2
1622	0
2169	1
703	2
555	0
261	1
167	2
1443	0
113	1
1507	2
1485	0
1130	1
1287	2
117	0
1486	1
4089	2
928	0
230	1
574	2
598	0
6213	1
30	2
1922	0
23	1
1860	2
2716	0
1029	1
483	2
209	0
924	1
1621	2
290	0
5	1
2502	2
3084	0
5	1
78	2
570	0
774	1
882	2
65	0
1373	1
1650	2
16	0
261	1
767	2
724	0
5296	1
30	2
957	0
383	1
372	2
3551	0
2634	1
642	2
319	0
866	1
1920	2
319	0
3038	1
72	2
3925	0
322	1
354	2
3134	0
700	1
3526	2
257	0
1602	1
2862	2
437	0
7066	1
417	2
3851	0
577	1
345	2
1056	0
577	1
112	2
1711	0
368	1
1065	2
1452	0
1283	1
574	2
3329	0
1885	1
2919	2
118	0
363	1
251	2
3575	0
3222	1
30	2
698	0
2540	1
217	2
1091	0
815	1
68	2
43	0
401	1
5691	2
722	0
726	1
1234	2
1998	0
328	1
258	2
741	0
105	1
2728	2
244	0
481	1
5475	2
479	0
3098	1
77	2
560	0
170	1
1649	2
319	0
170	1
89	2
498	0
383	1
1902	2
2281	0
3523	1
263	2
158	0
1605	1
1012	2
2621	0
1494	1
1580	2
1027	0
5	1
574	2
560	0
1254	1
166	2
957	0
985	1
567	2
508	0
1486	1
642	2
917	0
1110	1
536	2
2200	0
556	1
89	2
16	0
1470	1
1466	2
319	0
1029	1
309	2
319	0
1029	1
428	2
1329	0
1626	1
235	2
6600	0
1592	1
287	2
1518	0
816	1
3619	2
1302	0
845	1
567	2
319	0
317	1
4381	2
655	0
379	1
1173	2
4387	0
1005	1
2276	2
479	0
379	1
68	2
1452	0
105	1
1914	2
598	0
1029	1
2435	2
722	0
25	1
112	2
722	0
805	1
89	2
508	0
552	1
713	2
598	0
328	1
1187	2
1518	0
774	1
2236	2
560	0
63	1
1280	2
280	0
481	1
1221	2
741	0
869	1
112	2
1518	0
561	1
427	2
244	0
577	1
683	2
965	0
924	1
456	2
4083	0
1392	1
2020	2
4974	0
4201	1
91	2
817	0
133	1
72	2
2207	0
572	1
1140	2
555	0
572	1
1867	2
1151	0
577	1
990	2
4349	0
4112	1
85	2
445	0
1006	1
372	2
560	0
120	1
258	2
595	0
2501	1
241	2
117	0
816	1
1902	2
817	0
1486	1
963	2
3791	0
551	1
642	2
2621	0
369	1
3021	2
209	0
67	1
77	2
1056	0
1639	1
2728	2
479	0
32	1
591	2
722	0
605	1
857	2
508	0
155	1
683	2
563	0
383	1
2662	2
233	0
529	1
360	2
1452	0
3267	1
1147	2
408	0
305	1
904	2
1716	0
914	1
72	2
4610	0
63	1
72	2
722	0
105	1
241	2
1496	0
481	1
703	2
655	0
379	1
77	2
817	0
819	1
5857	2
2227	0
821	1
935	2
39	0
379	1
2166	2
508	0
407	1
544	2
65	0
317	1
181	2
1508	0
398	1
1960	2
655	0
130	1
868	2
1018	0
55	1
2173	2
2939	0
781	1
30	2
463	0
1298	1
44	2
1817	0
1298	1
44	2
719	0
305	1
251	2
1184	0
603	1
1867	2
598	0
2751	1
3271	2
672	0
1586	1
574	2
555	0
55	1
52	2
555	0
577	1
258	2
555	0
749	1
6588	2
1347	0
552	1
1966	2
2976	0
379	1
1749	2
2939	0
3154	1
3966	2
199	0
363	1
197	2
1014	0
2123	1
683	2
741	0
1220	1
197	2
570	0
1144	1
85	2
65	0
142	1
483	2
2457	0
2341	1
564	2
396	0
580	1
2120	2
598	0
322	1
1325	2
1172	0
55	1
1325	2
598	0
3577	1
567	2
118	0
105	1
601	2
724	0
23	1
300	2
1091	0
23	1
440	2
3593	0
580	1
440	2
961	0
401	1
1755	2
3840	0
133	1
653	2
3840	0
1438	1
862	2
929	0
379	1
30	2
555	0
545	1
1396	2
118	0
1343	1
935	2
280	0
851	1
2862	2
1172	0
529	1
446	2
213	0
305	1
1966	2
2036	0
55	1
544	2
1998	0
335	1
72	2
5023	0
924	1
1425	2
719	0
1586	1
1282	2
1340	0
700	1
4109	2
498	0
905	1
372	2
498	0
905	1
703	2
672	0
317	1
30	2
2750	0
412	1
30	2
1492	0
529	1
242	2
3119	0
191	1
1597	2
891	0
322	1
110	2
301	0
933	1
263	2
280	0
403	1
436	2
240	0
1712	1
2017	2
1181	0
133	1
990	2
1523	0
632	1
574	2
319	0
815	1
574	2
563	0
57	1
1749	2
1104	0
816	1
703	2
1104	0
379	1
523	2
1027	0
368	1
868	2
547	0
2601	1
264	2
547	0
2601	1
378	2
759	0
1029	1
44	2
3119	0
23	1
0	2
814	0
481	1
574	2
817	0
1745	1
990	2
41	0
2735	1
1266	2
36	0
1635	1
1	2
319	0
2312	1
567	2
43	0
2908	1
2145	2
408	0
572	1
485	2
65	0
4721	1
44	2
118	0
572	1
1942	2
1518	0
317	1
567	2
817	0
353	1
567	2
452	0
170	1
567	2
452	0
353	1
567	2
508	0
224	1
1025	2
2744	0
1239	1
683	2
508	0
383	1
4269	2
2621	0
572	1
112	2
761	0
671	1
1234	2
1409	0
224	1
1755	2
13	0
1107	1
1142	2
100	0
1449	1
2438	2
2939	0
577	1
258	2
244	0
529	1
713	2
244	0
328	1
675	2
179	0
580	1
2657	2
1329	0
379	1
868	2
290	0
2312	1
3962	2
1452	0
845	1
767	2
1223	0
130	1
166	2
319	0
401	1
6205	2
65	0
303	1
285	2
1027	0
401	1
258	2
3170	0
2424	1
30	2
437	0
5	1
4754	2
117	0
129	1
460	2
754	0
845	1
77	2
2683	0
107	1
30	2
6326	0
325	1
701	2
560	0
379	1
1749	2
2361	0
804	1
439	2
508	0
35	1
371	2
2028	0
1348	1
37	2
976	0
561	1
1556	2
1581	0
816	1
1556	2
1581	0
2634	1
703	2
65	0
2198	1
52	2
1698	0
55	1
251	2
445	0
632	1
85	2
452	0
107	1
2643	2
1452	0
1427	1
523	2
598	0
1524	1
3271	2
4320	0
1338	1
2317	2
996	0
577	1
544	2
244	0
942	1
1040	2
976	0
577	1
703	2
976	0
577	1
625	2
1518	0
2968	1
1234	2
1518	0
2506	1
1234	2
598	0
1155	1
1966	2
414	0
673	1
180	2
406	0
305	1
1307	2
616	0
572	1
2308	2
1698	0
1179	1
180	2
1698	0
1179	1
2544	2
1761	0
1286	1
345	2
3078	0
471	1
713	2
1347	0
850	1
882	2
2937	0
368	1
642	2
1329	0
1392	1
1749	2
1104	0
1232	1
446	2
445	0
237	1
85	2
118	0
3505	1
1282	2
178	0
419	1
446	2
118	0
3505	1
446	2
598	0
1898	1
37	2
319	0
379	1
68	2
3090	0
55	1
1279	2
874	0
57	1
404	2
233	0
383	1
251	2
390	0
614	1
506	2
233	0
383	1
2017	2
1452	0
561	1
78	2
3084	0
367	1
2032	2
1405	0
374	1
990	2
3481	0
2006	1
89	2
929	0
1427	1
2404	2
655	0
651	1
460	2
2590	0
305	1
683	2
408	0
247	1
446	2
602	0
379	1
217	2
1581	0
914	1
1849	2
479	0
1486	1
4385	2
957	0
318	1
625	2
1249	0
2444	1
574	2
508	0
1175	1
72	2
1765	0
2198	1
428	2
319	0
412	1
197	2
319	0
665	1
1960	2
570	0
749	1
574	2
560	0
142	1
483	2
759	0
577	1
4109	2
118	0
529	1
439	2
118	0
107	1
1282	2
2748	0
632	1
1282	2
2748	0
632	1
713	2
118	0
632	1
713	2
872	0
58	1
883	2
244	0
529	1
574	2
1452	0
2019	1
351	2
1056	0
1448	1
1755	2
244	0
1268	1
1282	2
1057	0
577	1
642	2
8327	0
5657	1
4592	2
319	0
1283	1
567	2
1595	0
473	1
703	2
199	0
3143	1
786	2
244	0
1343	1
241	2
1595	0
603	1
839	2
319	0
2935	1
78	2
165	0
322	1
217	2
301	0
561	1
2546	2
3045	0
2252	1
1394	2
452	0
1186	1
836	2
1751	0
379	1
1844	2
722	0
583	1
1960	2
118	0
577	1
360	2
244	0
1144	1
926	2
331	0
379	1
642	2
655	0
2041	1
264	2
598	0
317	1
72	2
4144	0
170	1
701	2
4144	0
170	1
4399	2
3084	0
5	1
258	2
41	0
551	1
360	2
165	0
5	1
574	2
1184	0
305	1
1476	2
595	0
133	1
2544	2
598	0
305	1
625	2
118	0
1254	1
574	2
719	0
1647	1
85	2
199	0
322	1
1025	2
860	0
405	1
1966	2
479	0
368	1
1580	2
1409	0
7715	1
1914	2
39	0
821	1
2669	2
479	0
617	1
446	2
1452	0
1283	1
709	2
1223	0
1497	1
446	2
280	0
1144	1
1844	2
118	0
3	1
597	2
719	0
363	1
1507	2
302	0
905	1
3554	2
302	0
29	1
2480	2
741	0
383	1
258	2
1724	0
1066	1
1425	2
165	0
63	1
1582	2
1581	0
317	1
3250	2
408	0
305	1
1545	2
627	0
1424	1
675	2
627	0
473	1
242	2
595	0
368	1
1598	2
1642	0
1498	1
701	2
627	0
749	1
1101	2
253	0
207	1
574	2
655	0
905	1
1749	2
1595	0
2547	1
953	2
1765	0
815	1
1246	2
1765	0
368	1
1246	2
872	0
781	1
574	2
118	0
170	1
143	2
1998	0
368	1
1914	2
165	0
368	1
723	2
479	0
2343	1
574	2
1706	0
603	1
147	2
165	0
2688	1
181	2
3496	0
352	1
217	2
117	0
383	1
740	2
396	0
154	1
89	2
118	0
1392	1
2869	2
2189	0
442	1
523	2
117	0
1066	1
506	2
598	0
229	1
30	2
1395	0
554	1
4240	2
595	0
554	1
460	2
555	0
924	1
354	2
3650	0
303	1
483	2
719	0
3123	1
371	2
1027	0
529	1
950	2
430	0
229	1
264	2
2541	0
580	1
883	2
118	0
1538	1
2544	2
1622	0
1528	1
371	2
915	0
129	1
72	2
915	0
129	1
3792	2
957	0
1179	1
112	2
1751	0
1713	1
1188	2
1751	0
572	1
567	2
244	0
1448	1
1755	2
598	0
592	1
1282	2
5654	0
107	1
282	2
165	0
876	1
258	2
165	0
487	1
1960	2
719	0
405	1
242	2
1622	0
305	1
183	2
1042	0
305	1
264	2
13	0
2990	1
683	2
1395	0
2444	1
546	2
13	0
516	1
2848	2
65	0
3258	1
263	2
655	0
379	1
1749	2
319	0
3599	1
147	2
957	0
1596	1
1914	2
722	0
3599	1
1914	2
1054	0
572	1
701	2
3084	0
2468	1
72	2
414	0
63	1
1507	2
570	0
63	1
264	2
555	0
4519	1
868	2
1741	0
583	1
2017	2
1375	0
815	1
574	2
319	0
1774	1
6	2
3458	0
2698	1
1282	2
244	0
5620	1
72	2
1395	0
1380	1
1556	2
1452	0
317	1
3720	2
1452	0
316	1
89	2
479	0
1424	1
112	2
1181	0
169	1
4843	2
570	0
2419	1
1487	2
570	0
2419	1
2337	2
976	0
711	1
506	2
957	0
603	1
1453	2
3791	0
50	1
27	2
452	0
325	1
703	2
452	0
325	1
574	2
560	0
2341	1
525	2
508	0
1029	1
786	2
290	0
207	1
1755	2
555	0
704	1
597	2
570	0
133	1
862	2
1158	0
819	1
2173	2
859	0
204	1
1282	2
1540	0
398	1
195	2
244	0
204	1
72	2
1042	0
2623	1
1385	2
319	0
4901	1
1833	2
1395	0
914	1
703	2
4	0
2656	1
703	2
118	0
4112	1
703	2
118	0
758	1
703	2
1595	0
2277	1
1020	2
859	0
2751	1
683	2
5263	0
379	1
3966	2
3885	0
32	1
378	2
2590	0
1541	1
1142	2
2590	0
1541	1
262	2
555	0
1541	1
262	2
424	0
1283	1
802	2
13	0
1378	1
1396	2
722	0
5887	1
5648	2
13	0
247	1
1142	2
2621	0
379	1
506	2
555	0
1174	1
683	2
290	0
305	1
264	2
1408	0
851	1
2715	2
240	0
379	1
378	2
244	0
850	1
4269	2
244	0
402	1
4269	2
39	0
804	1
258	2
604	0
815	1
713	2
13	0
247	1
701	2
570	0
383	1
1234	2
280	0
529	1
703	2
2021	0
850	1
2438	2
2775	0
529	1
523	2
598	0
850	1
574	2
39	0
105	1
1199	2
39	0
3523	1
2546	2
302	0
229	1
85	2
859	0
317	1
857	2
859	0
1005	1
857	2
118	0
379	1
143	2
118	0
607	1
669	2
547	0
1069	1
669	2
146	0
462	1
2058	2
3058	0
237	1
52	2
1027	0
23	1
507	2
437	0
1110	1
1346	2
437	0
2424	1
1346	2
1544	0
3599	1
3254	2
722	0
2751	1
2665	2
280	0
583	1
85	2
365	0
3019	1
72	2
1056	0
3352	1
3883	2
158	0
136	1
3883	2
560	0
1806	1
378	2
560	0
317	1
1065	2
7871	0
368	1
30	2
213	0
478	1
990	2
437	0
529	1
2774	2
848	0
2198	1
354	2
445	0
1179	1
1221	2
722	0
70	1
683	2
2937	0
305	1
371	2
290	0
1254	1
1059	2
2200	0
726	1
918	2
39	0
32	1
703	2
319	0
1392	1
2166	2
800	0
799	1
268	2
1876	0
3019	1
958	2
1810	0
18	1
1673	2
598	0
63	1
188	2
2351	0
572	1
30	2
319	0
305	1
262	2
859	0
845	1
3089	2
1172	0
1796	1
378	2
39	0
401	1
34	2
48	0
2704	1
85	2
390	0
1360	1
44	2
39	0
1596	1
691	2
566	0
442	1
574	2
39	0
2039	1
2862	2
2244	0
766	1
1598	2
118	0
107	1
953	2
118	0
5	1
742	2
165	0
338	1
703	2
118	0
914	1
1484	2
13	0
473	1
2120	2
3260	0
1123	1
1065	2
244	0
673	1
3286	2
118	0
317	1
523	2
724	0
1286	1
285	2
814	0
1220	1
1599	2
479	0
369	1
701	2
604	0
383	1
868	2
800	0
905	1
3281	2
852	0
1005	1
1794	2
2189	0
469	1
1844	2
3401	0
23	1
439	2
3488	0
317	1
381	2
118	0
1497	1
103	2
1027	0
914	1
188	2
1018	0
914	1
242	2
508	0
229	1
30	2
1791	0
3354	1
695	2
2372	0
626	1
30	2
118	0
529	1
2728	2
239	0
3309	1
259	2
915	0
914	1
642	2
396	0
551	1
904	2
118	0
3448	1
1282	2
118	0
1008	1
1282	2
414	0
70	1
378	2
570	0
2511	1
1025	2
1375	0
727	1
30	2
118	0
57	1
567	2
406	0
22	1
882	2
13	0
2751	1
642	2
604	0
1006	1
2120	2
1395	0
634	1
1307	2
530	0
305	1
683	2
1409	0
383	1
723	2
915	0
845	1
1507	2
331	0
673	1
680	2
817	0
478	1
72	2
479	0
159	1
1792	2
508	0
1068	1
1342	2
1091	0
807	1
1673	2
508	0
572	1
30	2
301	0
5897	1
282	2
1751	0
63	1
523	2
1581	0
1435	1
415	2
215	0
807	1
1679	2
4195	0
227	1
2233	2
1684	0
1855	1
37	2
302	0
697	1
37	2
1817	0
1338	1
625	2
598	0
529	1
574	2
1666	0
111	1
574	2
118	0
529	1
1768	2
213	0
3505	1
68	2
1540	0
368	1
89	2
414	0
1427	1
251	2
1532	0
379	1
77	2
280	0
700	1
1346	2
233	0
933	1
44	2
555	0
905	1
1552	2
39	0
3307	1
1065	2
3412	0
202	1
883	2
65	0
327	1
5197	2
1306	0
5	1
1821	2
165	0
145	1
44	2
479	0
572	1
300	2
331	0
32	1
1740	2
1581	0
2198	1
112	2
280	0
1295	1
262	2
852	0
133	1
1396	2
1816	0
63	1
241	2
1452	0
2019	1
1391	2
437	0
105	1
3085	2
489	0
4041	1
68	2
256	0
2198	1
625	2
2354	0
1683	1
1914	2
165	0
905	1
2057	2
280	0
2096	1
990	2
928	0
4979	1
1234	2
118	0
271	1
217	2
672	0
202	1
72	2
41	0
379	1
713	2
1329	0
1122	1
2166	2
5619	0
379	1
417	2
801	0
130	1
1749	2
563	0
1586	1
1865	2
301	0
1017	1
1621	2
598	0
551	1
1597	2
508	0
229	1
6	2
508	0
229	1
101	2
1452	0
816	1
112	2
6028	0
2366	1
258	2
566	0
551	1
1328	2
1409	0
3307	1
642	2
118	0
271	1
3000	2
178	0
170	1
1792	2
2361	0
478	1
258	2
2361	0
247	1
258	2
1027	0
229	1
268	2
1787	0
317	1
675	2
648	0
305	1
217	2
6276	0
18	1
680	2
304	0
1066	1
1960	2
39	0
1052	1
918	2
39	0
133	1
506	2
13	0
379	1
44	2
1103	0
70	1
263	2
118	0
2449	1
360	2
479	0
1493	1
1396	2
1018	0
603	1
753	2
39	0
551	1
181	2
39	0
322	1
27	2
65	0
367	1
372	2
555	0
1100	1
268	2
655	0
379	1
78	2
118	0
804	1
460	2
928	0
758	1
786	2
722	0
825	1
1188	2
3084	0
107	1
72	2
452	0
379	1
642	2
560	0
2751	1
89	2
302	0
1393	1
1385	2
560	0
63	1
287	2
245	0
1433	1
1265	2
319	0
18	1
44	2
759	0
317	1
808	2
479	0
789	1
181	2
118	0
4281	1
1282	2
118	0
914	1
574	2
859	0
170	1
653	2
616	0
1470	1
525	2
118	0
920	1
2728	2
39	0
1596	1
417	2
2426	0
572	1
485	2
2937	0
2429	1
786	2
2476	0
107	1
27	2
290	0
32	1
676	2
1998	0
383	1
446	2
929	0
105	1
263	2
118	0
1008	1
30	2
16	0
711	1
2317	2
2207	0
816	1
1749	2
48	0
1592	1
1234	2
2320	0
369	1
963	2
3431	0
133	1
2728	2
179	0
247	1
27	2
179	0
4553	1
44	2
1518	0
275	1
188	2
852	0
2796	1
541	2
722	0
50	1
2859	2
560	0
63	1
6826	2
2106	0
1596	1
483	2
39	0
325	1
1649	2
437	0
67	1
1942	2
2320	0
23	1
1282	2
508	0
749	1
1396	2
508	0
4606	1
2236	2
1474	0
229	1
709	2
595	0
478	1
990	2
319	0
1493	1
808	2
1711	0
3033	1
5197	2
848	0
3354	1
483	2
414	0
727	1
1507	2
672	0
665	1
1507	2
3301	0
401	1
902	2
146	0
942	1
2166	2
1223	0
1570	1
1705	2
598	0
305	1
1385	2
244	0
1486	1
1325	2
4082	0
2735	1
3559	2
290	0
2735	1
3559	2
957	0
1605	1
1727	2
2590	0
3635	1
3271	2
479	0
933	1
701	2
1042	0
442	1
2780	2
331	0
7091	1
2233	2
1501	0
1222	1
121	2
1172	0
572	1
30	2
794	0
551	1
1844	2
685	0
207	1
37	2
414	0
130	1
5094	2
1666	0
23	1
683	2
685	0
368	1
1065	2
719	0
274	1
857	2
245	0
561	1
1484	2
118	0
247	1
168	2
5040	0
2041	1
3024	2
928	0
2123	1
4014	2
555	0
368	1
1425	2
814	0
10435	1
574	2
118	0
816	1
2236	2
2106	0
2579	1
262	2
118	0
529	1
1385	2
452	0
50	1
2224	2
570	0
1928	1
2032	2
13	0
317	1
1727	2
239	0
620	1
372	2
630	0
2123	1
683	2
233	0
2441	1
1798	2
233	0
1486	1
506	2
2351	0
383	1
324	2
859	0
303	1
1396	2
1223	0
932	1
642	2
3299	0
845	1
1025	2
414	0
700	1
1142	2
118	0
700	1
574	2
555	0
4050	1
258	2
2210	0
133	1
567	2
16	0
105	1
2649	2
1998	0
933	1
72	2
1998	0
32	1
485	2
2442	0
229	1
112	2
233	0
105	1
30	2
489	0
5	1
1914	2
244	0
271	1
1059	2
1452	0
1068	1
181	2
452	0
749	1
78	2
621	0
565	1
1700	2
118	0
572	1
3619	2
3221	0
133	1
2771	2
655	0
379	1
89	2
4214	0
1134	1
3473	2
3054	0
807	1
2728	2
2939	0
665	1
2086	2
13	0
1029	1
6891	2
117	0
369	1
160	2
165	0
113	1
1065	2
1989	0
229	1
263	2
3134	0
2704	1
683	2
518	0
305	1
85	2
508	0
305	1
663	2
2621	0
383	1
1707	2
1817	0
1586	1
691	2
2748	0
572	1
483	2
394	0
766	1
1673	2
4141	0
815	1
1607	2
406	0
107	1
2946	2
570	0
1179	1
713	2
452	0
1486	1
262	2
1944	0
2556	1
862	2
1018	0
1421	1
990	2
213	0
130	1
315	2
118	0
577	1
567	2
775	0
933	1
567	2
1540	0
191	1
669	2
1375	0
191	1
264	2
5359	0
107	1
625	2
2189	0
845	1
1821	2
39	0
379	1
1012	2
245	0
1448	1
1952	2
1104	0
303	1
112	2
1018	0
1338	1
1025	2
2106	0
32	1
1755	2
39	0
50	1
857	2
5022	0
229	1
918	2
560	0
368	1
263	2
479	0
367	1
372	2
1172	0
552	1
1025	2
957	0
1448	1
1426	2
1893	0
914	1
241	2
245	0
1506	1
121	2
7684	0
105	1
683	2
508	0
804	1
4034	2
508	0
4391	1
2236	2
1409	0
229	1
160	2
1306	0
607	1
37	2
479	0
105	1
1142	2
790	0
67	1
181	2
244	0
338	1
282	2
39	0
481	1
1221	2
118	0
711	1
137	2
245	0
1435	1
2166	2
213	0
529	1
1282	2
302	0
191	1
1768	2
859	0
955	1
1385	2
570	0
1646	1
264	2
3076	0
67	1
1280	2
929	0
1586	1
217	2
302	0
363	1
72	2
872	0
63	1
588	2
118	0
2301	1
30	2
1492	0
481	1
1212	2
304	0
1486	1
1604	2
2934	0
1066	1
544	2
13	0
2250	1
713	2
302	0
947	1
378	2
560	0
1175	1
91	2
1581	0
247	1
2844	2
3945	0
1338	1
523	2
1750	0
237	1
399	2
1042	0
369	1
857	2
479	0
3258	1
3528	2
2114	0
1433	1
3554	2
4243	0
2341	1
91	2
598	0
2123	1
1025	2
1540	0
170	1
440	2
1329	0
32	1
1085	2
6011	0
144	1
371	2
560	0
130	1
37	2
872	0
960	1
121	2
118	0
603	1
225	2
410	0
1336	1
195	2
319	0
1392	1
683	2
3084	0
791	1
979	2
3134	0
473	1
1775	2
1050	0
529	1
3436	2
319	0
335	1
953	2
957	0
632	1
1607	2
563	0
1179	1
372	2
245	0
3079	1
544	2
1018	0
1110	1
2104	2
1581	0
155	1
30	2
165	0
317	1
264	2
302	0
317	1
264	2
1409	0
3523	1
2723	2
1457	0
2735	1
263	2
118	0
305	1
1058	2
759	0
481	1
2145	2
13	0
551	1
85	2
598	0
5784	1
544	2
1042	0
1608	1
1507	2
2207	0
2364	1
2728	2
1018	0
1840	1
2502	2
8798	0
401	1
1775	2
1050	0
2857	1
507	2
1395	0
914	1
2233	2
1518	0
105	1
49	2
1452	0
1068	1
683	2
1864	0
551	1
1902	2
2748	0
1486	1
433	2
598	0
905	1
713	2
2617	0
850	1
713	2
570	0
2441	1
1282	2
527	0
368	1
1142	2
759	0
6148	1
1234	2
36	0
2468	1
1019	2
445	0
379	1
567	2
445	0
1168	1
483	2
118	0
368	1
89	2
5002	0
903	1
85	2
165	0
247	1
160	2
245	0
1283	1
523	2
1532	0
1605	1
1966	2
39	0
606	1
578	2
1922	0
1470	1
1059	2
13	0
327	1
802	2
2742	0
3019	1
1263	2
280	0
1374	1
446	2
1434	0
903	1
112	2
165	0
322	1
4059	2
1761	0
673	1
3138	2
13	0
325	1
2669	2
872	0
136	1
112	2
860	0
807	1
1346	2
182	0
3354	1
1346	2
2625	0
607	1
883	2
179	0
2419	1
808	2
570	0
379	1
1705	2
3458	0
353	1
1755	2
13	0
63	1
34	2
3757	0
23	1
1507	2
479	0
23	1
241	2
2210	0
1586	1
1792	2
957	0
1174	1
647	2
118	0
933	1
3171	2
118	0
63	1
3171	2
48	0
766	1
2596	2
4306	0
305	1
264	2
118	0
2755	1
264	2
872	0
305	1
2502	2
2748	0
481	1
2781	2
2207	0
368	1
1345	2
118	0
1470	1
1798	2
860	0
516	1
862	2
598	0
673	1
1025	2
302	0
305	1
564	2
39	0
3208	1
4652	2
463	0
551	1
34	2
1027	0
405	1
72	2
1027	0
933	1
1707	2
1027	0
821	1
30	2
1027	0
2656	1
30	2
2253	0
821	1
642	2
508	0
368	1
1025	2
479	0
50	1
1346	2
570	0
229	1
241	2
1922	0
2129	1
72	2
598	0
583	1
360	2
598	0
933	1
282	2
598	0
529	1
72	2
118	0
914	1
625	2
479	0
107	1
2565	2
595	0
572	1
264	2
118	0
2364	1
241	2
655	0
1592	1
683	2
319	0
529	1
30	2
957	0
551	1
1221	2
98	0
1008	1
293	2
43	0
234	1
263	2
2399	0
3307	1
181	2
1018	0
3311	1
544	2
598	0
207	1
30	2
929	0
905	1
683	2
7	0
383	1
112	2
7	0
383	1
4267	2
928	0
1168	1
440	2
479	0
379	1
2120	2
1787	0
325	1
91	2
1050	0
367	1
1346	2
213	0
247	1
258	2
467	0
374	1
2180	2
1751	0
2228	1
1282	2
1751	0
363	1
1282	2
547	0
1626	1
372	2
452	0
577	1
506	2
3458	0
495	1
1025	2
2331	0
1771	1
680	2
118	0
487	1
2462	2
59	0
229	1
753	2
48	0
2129	1
4897	2
3671	0
229	1
902	2
1452	0
577	1
446	2
722	0
224	1
446	2
98	0
1357	1
324	2
301	0
368	1
683	2
5040	0
317	1
85	2
319	0
673	1
315	2
5148	0
1348	1
1495	2
570	0
473	1
30	2
1340	0
726	1
544	2
6858	0
5	1
300	2
331	0
807	1
506	2
209	0
1348	1
112	2
928	0
368	1
1173	2
852	0
890	1
3966	2
39	0
369	1
1234	2
245	0
1286	1
2317	2
3073	0
2228	1
1755	2
1765	0
335	1
2502	2
1751	0
275	1
3591	2
2750	0
577	1
574	2
118	0
2123	1
96	2
1452	0
2277	1
44	2
3323	0
111	1
2438	2
437	0
115	1
72	2
244	0
5590	1
85	2
2361	0
471	1
918	2
929	0
25	1
242	2
1042	0
18	1
1476	2
13	0
1029	1
77	2
239	0
1491	1
121	2
1067	0
3610	1
143	2
3840	0
338	1
523	2
705	0
338	1
460	2
598	0
136	1
713	2
957	0
105	1
27	2
2766	0
3252	1
882	2
5558	0
368	1
3169	2
535	0
2506	1
1352	2
759	0
617	1
235	2
290	0
191	1
3167	2
4268	0
2245	1
2676	2
479	0
67	1
1425	2
118	0
322	1
935	2
929	0
933	1
1280	2
100	0
845	1
883	2
118	0
2449	1
567	2
467	0
1435	1
1087	2
414	0
18	1
371	2
570	0
607	1
378	2
4107	0
673	1
2860	2
595	0
1052	1
1849	2
655	0
2908	1
1755	2
13	0
3338	1
181	2
39	0
2569	1
89	2
1115	0
226	1
703	2
848	0
513	1
683	2
479	0
2951	1
1385	2
957	0
1179	1
703	2
319	0
63	1
541	2
192	0
1343	1
4183	2
1751	0
487	1
1212	2
570	0
2123	1
1673	2
3855	0
403	1
143	2
1409	0
3714	1
112	2
9099	0
237	1
315	2
1395	0
529	1
2728	2
1452	0
202	1
300	2
319	0
1174	1
4335	2
2748	0
227	1
242	2
2361	0
2364	1
950	2
1042	0
229	1
953	2
598	0
1424	1
574	2
1067	0
2626	1
574	2
2374	0
28	1
3021	2
2881	0
401	1
2109	2
118	0
107	1
862	2
319	0
4152	1
5231	2
48	0
2704	1
166	2
5299	0
1470	1
436	2
108	0
275	1
460	2
1501	0
577	1
1212	2
929	0
368	1
753	2
1874	0
816	1
258	2
560	0
133	1
1914	2
1876	0
369	1
211	2
508	0
271	1
217	2
3299	0
603	1
1101	2
1566	0
603	1
1101	2
4214	0
363	1
217	2
467	0
816	1
137	2
1067	0
942	1
2546	2
1452	0
3267	1
483	2
852	0
229	1
30	2
547	0
1205	1
1821	2
1711	0
303	1
235	2
118	0
914	1
862	2
1027	0
398	1
857	2
1027	0
405	1
857	2
245	0
32	1
1849	2
437	0
554	1
52	2
213	0
1529	1
1346	2
479	0
50	1
34	2
479	0
572	1
862	2
874	0
565	1
1352	2
874	0
133	1
1352	2
319	0
905	1
264	2
698	0
749	1
30	2
7808	0
3599	1
372	2
301	0
845	1
3555	2
859	0
2601	1
2502	2
859	0
136	1
285	2
929	0
845	1
2017	2
3788	0
681	1
1673	2
239	0
1222	1
2771	2
290	0
1639	1
1196	2
1581	0
4112	1
30	2
917	0
3338	1
268	2
2752	0
368	1
2166	2
555	0
368	1
85	2
555	0
1605	1
1346	2
244	0
1336	1
2765	2
1501	0
2019	1
2728	2
598	0
2444	1
3188	2
598	0
305	1
3188	2
598	0
3648	1
574	2
1518	0
325	1
574	2
5167	0
807	1
2017	2
1761	0
328	1
703	2
1104	0
130	1
868	2
39	0
577	1
523	2
508	0
665	1
3024	2
508	0
577	1
574	2
341	0
1122	1
4267	2
8496	0
1122	1
990	2
555	0
1174	1
506	2
555	0
1538	1
642	2
3757	0
1110	1
857	2
860	0
67	1
3567	2
872	0
700	1
588	2
1289	0
5346	1
27	2
233	0
1008	1
446	2
1518	0
572	1
523	2
13	0
113	1
691	2
16	0
572	1
30	2
245	0
274	1
1199	2
290	0
1130	1
1431	2
555	0
379	1
546	2
4118	0
1855	1
242	2
3827	0
383	1
181	2
118	0
667	1
78	2
1104	0
229	1
258	2
560	0
105	1
868	2
13	0
379	1
85	2
13	0
815	1
85	2
1515	0
791	1
990	2
118	0
325	1
1676	2
794	0
1625	1
2317	2
1395	0
23	1
460	2
1042	0
914	1
574	2
1492	0
577	1
1355	2
560	0
63	1
1673	2
1518	0
914	1
709	2
1395	0
403	1
523	2
598	0
67	1
72	2
479	0
1068	1
2265	2
390	0
1239	1
683	2
479	0
419	1
263	2
408	0
2364	1
783	2
39	0
271	1
78	2
2819	0
155	1
263	2
2621	0
617	1
1910	2
2361	0
322	1
574	2
479	0
1586	1
1865	2
705	0
3121	1
112	2
118	0
322	1
95	2
555	0
55	1
578	2
1443	0
632	1
1632	2
2761	0
700	1
544	2
1706	0
5	1
3720	2
118	0
367	1
72	2
306	0
70	1
544	2
319	0
305	1
802	2
655	0
5631	1
2728	2
560	0
2312	1
714	2
555	0
18	1
523	2
2635	0
5	1
258	2
43	0
247	1
436	2
915	0
115	1
372	2
118	0
650	1
862	2
2452	0
4777	1
446	2
1518	0
932	1
2194	2
655	0
1348	1
460	2
65	0
130	1
1914	2
65	0
2789	1
1914	2
245	0
1799	1
210	2
927	0
395	1
8570	2
535	0
529	1
268	2
1947	0
2601	1
1385	2
1289	0
1620	1
574	2
48	0
86	1
772	2
649	0
614	1
3730	2
36	0
402	1
1065	2
290	0
1774	1
217	2
13	0
5	1
701	2
465	0
368	1
89	2
518	0
607	1
683	2
518	0
607	1
258	2
1320	0
529	1
436	2
43	0
1052	1
918	2
3511	0
130	1
701	2
3045	0
326	1
1290	2
2399	0
1635	1
263	2
560	0
32	1
1142	2
43	0
577	1
1346	2
814	0
5	1
597	2
420	0
133	1
1558	2
319	0
572	1
242	2
595	0
1068	1
642	2
148	0
6167	1
7038	2
1289	0
175	1
683	2
6879	0
481	1
2702	2
301	0
815	1
1827	2
158	0
845	1
1914	2
843	0
2342	1
372	2
929	0
2730	1
258	2
604	0
1360	1
483	2
452	0
3581	1
263	2
39	0
67	1
44	2
2442	0
67	1
30	2
48	0
363	1
3966	2
290	0
305	1
687	2
759	0
3019	1
1346	2
1819	0
142	1
506	2
8818	0
2468	1
268	2
1452	0
577	1
324	2
1452	0
577	1
1038	2
1581	0
294	1
30	2
860	0
914	1
3167	2
390	0
1477	1
1844	2
319	0
901	1
6844	2
498	0
554	1
544	2
213	0
1232	1
217	2
239	0
830	1
1705	2
1518	0
632	1
1705	2
406	0
325	1
683	2
5040	0
271	1
1708	2
280	0
379	1
1749	2
2372	0
338	1
1425	2
1518	0
50	1
242	2
817	0
3308	1
446	2
179	0
379	1
7038	2
595	0
271	1
802	2
65	0
383	1
683	2
1329	0
3252	1
34	2
302	0
401	1
30	2
1452	0
533	1
30	2
761	0
2455	1
1755	2
43	0
335	1
4059	2
165	0
335	1
701	2
244	0
3759	1
251	2
741	0
1254	1
300	2
1184	0
105	1
282	2
2361	0
1186	1
217	2
3415	0
379	1
446	2
36	0
55	1
669	2
1518	0
905	1
523	2
2590	0
271	1
525	2
319	0
3425	1
30	2
957	0
1179	1
918	2
570	0
261	1
293	2
118	0
829	1
47	2
1344	0
2773	1
1199	2
1909	0
305	1
242	2
244	0
1262	1
2438	2
39	0
1688	1
3823	2
1347	0
12	1
460	2
1172	0
305	1
85	2
245	0
726	1
1865	2
4192	0
271	1
3619	2
1443	0
105	1
683	2
518	0
105	1
258	2
570	0
1586	1
1234	2
1042	0
4085	1
264	2
1395	0
1529	1
574	2
817	0
2908	1
3966	2
498	0
1068	1
1161	2
244	0
305	1
264	2
1947	0
322	1
1507	2
445	0
1596	1
1062	2
598	0
63	1
3169	2
117	0
6318	1
217	2
598	0
1772	1
360	2
598	0
51	1
217	2
165	0
322	1
2912	2
118	0
924	1
371	2
118	0
229	1
1328	2
244	0
191	1
1355	2
43	0
275	1
3171	2
1911	0
2751	1
574	2
1581	0
1220	1
251	2
1581	0
317	1
251	2
1793	0
317	1
506	2
4520	0
368	1
523	2
39	0
401	1
258	2
1452	0
401	1
1394	2
598	0
700	1
378	2
2207	0
562	1
1085	2
118	0
111	1
446	2
872	0
191	1
2684	2
1403	0
2424	1
2684	2
859	0
26	1
709	2
508	0
305	1
242	2
319	0
7264	1
1246	2
39	0
1029	1
125	2
535	0
105	1
1234	2
598	0
4201	1
1234	2
2442	0
32	1
112	2
759	0
107	1
544	2
759	0
1126	1
544	2
1027	0
2720	1
4267	2
4610	0
529	1
460	2
872	0
227	1
49	2
508	0
7397	1
251	2
508	0
3309	1
251	2
852	0
1029	1
713	2
891	0
673	1
713	2
2738	0
469	1
89	2
1054	0
471	1
258	2
508	0
1006	1
258	2
118	0
22	1
241	2
3487	0
2395	1
372	2
2320	0
2579	1
258	2
414	0
577	1
112	2
5469	0
2024	1
2265	2
118	0
379	1
1941	2
848	0
1295	1
574	2
1042	0
955	1
885	2
39	0
4756	1
6943	2
1581	0
229	1
1833	2
1223	0
914	1
446	2
424	0
1486	1
1346	2
65	0
1596	1
2546	2
301	0
133	1
1413	2
302	0
5	1
544	2
406	0
1712	1
3386	2
859	0
4377	1
96	2
118	0
2277	1
1020	2
1492	0
1586	1
1020	2
465	0
55	1
415	2
1595	0
5575	1
663	2
320	0
2791	1
1266	2
655	0
63	1
354	2
479	0
2341	1
574	2
479	0
2659	1
4302	2
118	0
660	1
5246	2
929	0
726	1
345	2
117	0
133	1
1902	2
508	0
667	1
1212	2
3840	0
3352	1
683	2
479	0
580	1
1920	2
118	0
204	1
1431	2
1395	0
63	1
1182	2
589	0
379	1
112	2
1974	0
2735	1
418	2
1816	0
25	1
544	2
824	0
379	1
6671	2
240	0
379	1
709	2
555	0
1186	1
72	2
2761	0
170	1
541	2
1457	0
2250	1
4897	2
1067	0
261	1
34	2
65	0
70	1
1582	2
1172	0
305	1
264	2
759	0
368	1
1346	2
3496	0
229	1
1221	2
7808	0
1222	1
4607	2
602	0
804	1
72	2
452	0
577	1
753	2
655	0
275	1
235	2
1329	0
398	1
112	2
598	0
2935	1
139	2
13	0
5	1
1142	2
118	0
1928	1
242	2
290	0
435	1
4743	2
290	0
1435	1
258	2
280	0
821	1
381	2
1067	0
1465	1
143	2
602	0
529	1
2233	2
118	0
470	1
1025	2
213	0
1449	1
507	2
1313	0
305	1
371	2
2442	0
3603	1
3188	2
871	0
325	1
1507	2
3779	0
5	1
1933	2
118	0
819	1
3139	2
240	0
227	1
1673	2
817	0
379	1
3554	2
1724	0
107	1
1773	2
724	0
577	1
1676	2
244	0
2343	1
217	2
6392	0
325	1
1234	2
5966	0
1283	1
85	2
3076	0
368	1
1221	2
1452	0
275	1
709	2
595	0
667	1
3125	2
3458	0
1853	1
1025	2
1244	0
2575	1
121	2
479	0
577	1
360	2
118	0
1605	1
72	2
5471	0
667	1
166	2
192	0
55	1
574	2
437	0
369	1
642	2
65	0
1066	1
1325	2
479	0
1005	1
112	2
1457	0
789	1
1844	2
555	0
2343	1
1246	2
929	0
572	1
85	2
2748	0
634	1
574	2
39	0
229	1
1792	2
118	0
749	1
30	2
117	0
373	1
258	2
1478	0
133	1
446	2
118	0
32	1
1385	2
1152	0
2198	1
746	2
118	0
129	1
4034	2
1104	0
1835	1
72	2
118	0
105	1
241	2
414	0
614	1
747	2
555	0
2123	1
360	2
2939	0
3590	1
72	2
117	0
580	1
1821	2
244	0
2240	1
713	2
1847	0
338	1
1025	2
1518	0
2685	1
354	2
2264	0
317	1
1346	2
3161	0
5	1
808	2
302	0
305	1
1792	2
1042	0
32	1
1101	2
570	0
2343	1
52	2
996	0
545	1
2159	2
1518	0
572	1
2438	2
859	0
130	1
574	2
1042	0
305	1
525	2
817	0
3131	1
460	2
570	0
3756	1
1673	2
2351	0
2634	1
112	2
1063	0
1029	1
857	2
2361	0
1220	1
217	2
1067	0
1928	1
1234	2
2442	0
1066	1
85	2
479	0
2392	1
1755	2
1452	0
18	1
372	2
598	0
1066	1
72	2
555	0
933	1
1507	2
1518	0
412	1
1025	2
3447	0
551	1
2317	2
824	0
379	1
1844	2
479	0
50	1
1221	2
118	0
32	1
143	2
41	0
933	1
264	2
233	0
23	1
89	2
2356	0
603	1
242	2
1067	0
1185	1
1346	2
555	0
2704	1
2017	2
3084	0
133	1
217	2
498	0
1493	1
285	2
245	0
1074	1
85	2
852	0
1222	1
210	2
2372	0
105	1
2032	2
498	0
3051	1
263	2
1165	0
275	1
251	2
566	0
1192	1
1607	2
3084	0
3051	1
1282	2
759	0
845	1
1886	2
560	0
305	1
91	2
1395	0
634	1
950	2
7472	0
1596	1
680	2
917	0
363	1
2502	2
502	0
2141	1
653	2
859	0
105	1
523	2
165	0
1659	1
4399	2
598	0
224	1
446	2
1595	0
18	1
868	2
4789	0
2573	1
1886	2
1790	0
1222	1
263	2
928	0
305	1
1352	2
655	0
317	1
1755	2
957	0
133	1
258	2
957	0
133	1
3966	2
3427	0
815	1
574	2
759	0
379	1
1597	2
244	0
665	1
902	2
508	0
577	1
112	2
2320	0
924	1
217	2
65	0
133	1
1065	2
3817	0
487	1
44	2
479	0
551	1
2546	2
2750	0
914	1
1025	2
759	0
3309	1
1159	2
508	0
700	1
574	2
244	0
1374	1
2337	2
244	0
170	1
2337	2
1518	0
105	1
34	2
824	0
275	1
753	2
1010	0
401	1
112	2
1711	0
580	1
4497	2
1711	0
580	1
354	2
3840	0
1179	1
523	2
570	0
580	1
1385	2
65	0
583	1
695	2
655	0
2364	1
372	2
244	0
3599	1
428	2
1452	0
905	1
713	2
1711	0
516	1
1345	2
280	0
63	1
428	2
319	0
1069	1
89	2
100	0
133	1
1282	2
859	0
133	1
85	2
1725	0
673	1
1396	2
1395	0
207	1
2844	2
928	0
1270	1
72	2
474	0
583	1
188	2
1540	0
23	1
2636	2
2485	0
5	1
4668	2
158	0
229	1
139	2
1027	0
816	1
139	2
302	0
2129	1
574	2
118	0
379	1
2684	2
13	0
247	1
1221	2
1152	0
1393	1
683	2
244	0
379	1
2032	2
244	0
529	1
242	2
817	0
129	1
1282	2
390	0
70	1
1140	2
245	0
969	1
1844	2
118	0
105	1
344	2
688	0
1611	1
217	2
1452	0
473	1
1025	2
3084	0
317	1
69	2
2200	0
305	1
7038	2
705	0
1360	1
1101	2
2351	0
1052	1
506	2
13	0
1186	1
85	2
724	0
1956	1
1025	2
6489	0
1222	1
2859	2
1091	0
5	1
1507	2
479	0
58	1
1142	2
1395	0
2069	1
166	2
872	0
305	1
1221	2
1018	0
914	1
3966	2
508	0
4041	1
1396	2
508	0
2343	1
30	2
479	0
1029	1
372	2
555	0
50	1
3340	2
555	0
107	1
1507	2
649	0
23	1
30	2
233	0
5	1
2166	2
1581	0
3290	1
483	2
65	0
338	1
883	2
64	0
1110	1
1391	2
479	0
1343	1
217	2
117	0
379	1
1046	2
2399	0
379	1
1046	2
2716	0
2704	1
89	2
479	0
379	1
195	2
929	0
1586	1
483	2
290	0
5657	1
217	2
244	0
5780	1
251	2
3511	0
4529	1
242	2
100	0
275	1
282	2
260	0
2252	1
360	2
2260	0
412	1
263	2
1581	0
317	1
421	2
929	0
154	1
85	2
1018	0
758	1
1282	2
555	0
55	1
625	2
65	0
105	1
1507	2
301	0
133	1
574	2
595	0
5782	1
990	2
13	0
1524	1
701	2
1581	0
170	1
181	2
6056	0
247	1
870	2
65	0
303	1
381	2
1172	0
234	1
264	2
759	0
2469	1
1649	2
1067	0
634	1
1282	2
479	0
32	1
2860	2
244	0
18	1
1833	2
1184	0
816	1
1607	2
213	0
1835	1
713	2
482	0
1435	1
2233	2
1877	0
2601	1
264	2
39	0
4901	1
663	2
848	0
3610	1
446	2
1722	0
1393	1
663	2
1452	0
1427	1
2224	2
302	0
401	1
360	2
1989	0
229	1
2491	2
2641	0
1348	1
264	2
1172	0
23	1
1025	2
233	0
749	1
112	2
852	0
700	1
1844	2
724	0
473	1
460	2
722	0
572	1
1902	2
759	0
1529	1
85	2
301	0
572	1
89	2
301	0
577	1
85	2
1138	0
1170	1
264	2
199	0
224	1
2175	2
1042	0
942	1
1065	2
1018	0
1144	1
264	2
13	0
749	1
1025	2
65	0
1339	1
695	2
244	0
2291	1
1708	2
474	0
1596	1
282	2
2987	0
614	1
541	2
36	0
3599	1
44	2
1998	0
812	1
91	2
3205	0
105	1
2728	2
65	0
8556	1
857	2
36	0
368	1
1031	2
1184	0
32	1
2438	2
3212	0
603	1
1275	2
2114	0
4496	1
371	2
555	0
572	1
324	2
874	0
261	1
1221	2
319	0
2773	1
446	2
319	0
2916	1
1673	2
65	0
32	1
1649	2
560	0
3448	1
27	2
598	0
363	1
139	2
3090	0
2769	1
3680	2
1042	0
1013	1
723	2
655	0
473	1
360	2
213	0
169	1
242	2
1223	0
111	1
597	2
301	0
379	1
1059	2
4946	0
1486	1
360	2
479	0
487	1
1147	2
118	0
305	1
506	2
13	0
369	1
262	2
437	0
2573	1
2233	2
2617	0
325	1
188	2
655	0
807	1
2728	2
722	0
551	1
808	2
722	0
2289	1
78	2
394	0
1498	1
72	2
394	0
583	1
72	2
1581	0
55	1
30	2
1409	0
142	1
1886	2
1452	0
105	1
1580	2
36	0
32	1
3021	2
1998	0
32	1
1020	2
3299	0
275	1
1157	2
39	0
398	1
1012	2
1802	0
23	1
1770	2
1042	0
405	1
1673	2
508	0
1392	1
1966	2
39	0
2796	1
990	2
304	0
442	1
883	2
479	0
2575	1
1920	2
759	0
2343	1
3567	2
498	0
133	1
1234	2
3058	0
305	1
574	2
2716	0
1778	1
242	2
302	0
294	1
0	2
1518	0
749	1
181	2
929	0
22	1
1507	2
848	0
18	1
1708	2
1158	0
471	1
415	2
1042	0
32	1
1708	2
1711	0
815	1
112	2
1395	0
274	1
990	2
595	0
2012	1
446	2
244	0
1885	1
1773	2
239	0
766	1
264	2
4913	0
577	1
446	2
891	0
700	1
112	2
118	0
202	1
748	2
1998	0
133	1
44	2
3084	0
305	1
709	2
396	0
325	1
37	2
2253	0
86	1
1833	2
3142	0
1586	1
701	2
302	0
305	1
1065	2
289	0
305	1
378	2
479	0
247	1
926	2
244	0
2364	1
691	2
65	0
556	1
1101	2
1224	0
204	1
72	2
655	0
383	1
112	2
3880	0
700	1
683	2
2207	0
67	1
251	2
859	0
1441	1
1234	2
2750	0
237	1
112	2
463	0
7641	1
523	2
1329	0
50	1
525	2
1172	0
3309	1
241	2
570	0
1498	1
6	2
1816	0
905	1
264	2
65	0
825	1
446	2
5619	0
317	1
1307	2
761	0
2445	1
30	2
100	0
9	1
37	2
1501	0
229	1
683	2
2635	0
766	1
371	2
244	0
1949	1
4038	2
1409	0
1797	1
1280	2
705	0
1771	1
49	2
146	0
1635	1
1517	2
5416	0
2614	1
264	2
479	0
914	1
3085	2
2331	0
2144	1
1282	2
414	0
700	1
8189	2
724	0
2012	1
588	2
1452	0
905	1
30	2
394	0
398	1
241	2
148	0
2429	1
7412	2
555	0
1024	1
139	2
655	0
1066	1
836	2
13	0
247	1
926	2
1010	0
1090	1
3125	2
555	0
749	1
242	2
929	0
50	1
372	2
570	0
1398	1
675	2
555	0
1081	1
1082	2
394	0
55	1
2728	2
290	0
2601	1
2337	2
245	0
1494	1
5548	2
245	0
1494	1
701	2
555	0
5	1
1059	2
1184	0
271	1
5623	2
2440	0
749	1
1345	2
2021	0
551	1
446	2
394	0
1262	1
242	2
759	0
1470	1
1794	2
996	0
789	1
85	2
2750	0
8090	1
446	2
915	0
766	1
242	2
290	0
305	1
371	2
319	0
1174	1
483	2
1622	0
2198	1
264	2
319	0
2289	1
1198	2
1051	0
603	1
147	2
928	0
317	1
723	2
859	0
338	1
523	2
3301	0
4201	1
2859	2
148	0
2419	1
218	2
4332	0
5089	1
446	2
1452	0
325	1
1142	2
244	0
322	1
30	2
3899	0
529	1
574	2
302	0
2033	1
2438	2
1152	0
2796	1
1703	2
555	0
727	1
857	2
1440	0
2198	1
112	2
320	0
1424	1
112	2
280	0
247	1
578	2
65	0
545	1
372	2
6383	0
572	1
1844	2
1223	0
363	1
574	2
929	0
382	1
241	2
929	0
791	1
241	2
479	0
603	1
264	2
479	0
317	1
264	2
2625	0
1465	1
1844	2
598	0
3033	1
1282	2
1010	0
1066	1
262	2
41	0
5089	1
713	2
555	0
412	1
2546	2
1172	0
373	1
96	2
1817	0
2935	1
8009	2
598	0
2198	1
30	2
664	0
4254	1
112	2
555	0
368	1
1914	2
430	0
270	1
877	2
2200	0
1268	1
1101	2
4904	0
700	1
258	2
13	0
275	1
78	2
555	0
1338	1
808	2
411	0
487	1
483	2
566	0
317	1
372	2
508	0
317	1
112	2
1042	0
1789	1
195	2
233	0
481	1
89	2
566	0
275	1
574	2
3084	0
5657	1
197	2
118	0
572	1
258	2
2207	0
561	1
683	2
2442	0
317	1
0	2
118	0
529	1
2923	2
319	0
107	1
4461	2
2710	0
1254	1
5548	2
489	0
1155	1
3682	2
301	0
298	1
34	2
1010	0
23	1
112	2
1010	0
23	1
6671	2
420	0
270	1
263	2
244	0
363	1
870	2
1409	0
412	1
1527	2
16	0
1144	1
3340	2
165	0
325	1
262	2
2331	0
55	1
642	2
2196	0
317	1
683	2
4195	0
224	1
1773	2
1837	0
271	1
4199	2
1244	0
1448	1
285	2
245	0
758	1
1246	2
3076	0
133	1
372	2
36	0
924	1
1280	2
570	0
1068	1
188	2
2552	0
363	1
30	2
1702	0
322	1
96	2
1042	0
271	1
378	2
2854	0
55	1
3254	2
213	0
247	1
1599	2
1581	0
1029	1
85	2
598	0
1486	1
282	2
290	0
704	1
1234	2
244	0
4600	1
2037	2
1698	0
23	1
507	2
75	0
2228	1
217	2
64	0
1029	1
112	2
390	0
23	1
44	2
233	0
3307	1
1794	2
570	0
175	1
78	2
1518	0
138	1
3682	2
4280	0
305	1
378	2
3028	0
55	1
2728	2
244	0
2198	1
713	2
474	0
603	1
210	2
555	0
8868	1
30	2
3775	0
565	1
567	2
3238	0
149	1
2216	2
1944	0
1744	1
217	2
122	0
270	1
2477	2
199	0
1317	1
2477	2
3511	0
55	1
241	2
1922	0
328	1
3188	2
1018	0
367	1
217	2
961	0
325	1
701	2
961	0
1097	1
574	2
302	0
2364	1
2636	2
1452	0
2863	1
567	2
9504	0
2996	1
166	2
5040	0
70	1
483	2
39	0
2908	1
372	2
4095	0
1160	1
625	2
3245	0
1596	1
857	2
1395	0
914	1
990	2
