220	2884
248	1784
160	20
272	413
218	339
534	528
14	164
244	1087
432	288
20	2701
1515	1657
709	3058
1592	453
341	1718
218	1638
405	2292
115	1642
807	797
1807	1078
132	2892
585	776
208	1630
1174	1060
314	2283
8	3066
738	2440
54	1386
1108	2292
1699	44
649	75
783	1075
209	55
1217	2142
82	2000
252	704
227	246
164	496
1798	260
259	152
1397	1640
41	1058
1863	342
244	2310
455	1066
67	2215
371	917
1178	200
122	159
690	97
721	1149
444	3095
632	11
573	2677
895	1504
285	1883
1487	275
884	2518
1330	419
675	531
1693	471
267	194
990	2989
585	682
144	818
477	1754
1142	494
89	1740
769	2570
1862	216
394	1345
799	337
64	361
444	181
927	916
573	2438
522	2200
1102	285
572	4
122	1561
160	3055
1793	452
267	2923
44	117
314	344
251	481
164	2755
1522	90
166	554
122	3378
111	500
1818	248
702	1378
930	1097
351	2469
65	1506
1725	2682
255	1620
516	1569
49	1161
760	991
63	1263
1354	1143
1415	101
1346	206
215	3110
240	2457
757	3491
161	2508
545	2621
974	942
1394	79
48	1988
1826	561
235	812
767	818
690	3277
1155	305
1672	201
252	804
142	3564
875	1017
202	412
164	3446
1717	1587
1422	117
41	2708
1001	481
1625	2477
132	2709
118	29
259	206
1917	2154
729	1097
122	3070
881	1410
1502	900
674	491
181	1225
1618	342
422	1335
244	356
513	57
142	2138
1011	1186
1066	641
215	286
805	1235
272	100
2	2339
477	2281
221	2351
560	3238
314	599
612	1885
1386	1920
1030	169
36	827
1011	158
926	1389
663	1699
738	2836
1680	3108
345	1610
215	1679
804	349
496	1632
252	1003
516	951
361	3091
779	3026
252	2934
1531	664
252	791
1708	1438
572	3267
551	1603
248	817
477	1112
33	1124
647	2315
1474	412
915	54
811	727
1121	1000
1340	820
1880	928
1106	2250
273	155
687	907
93	908
815	1520
32	243
1620	662
1924	1852
857	88
11	841
272	2950
516	1588
1336	946
1509	1887
1339	4
1332	792
1066	833
248	1638
418	1838
164	164
252	800
698	629
1256	1082
252	129
846	237
19	394
1103	531
1555	627
1474	2511
8	862
1172	300
649	1487
414	1526
252	232
355	1883
346	549
895	647
215	2629
658	748
1250	37
604	1442
573	572
677	266
747	1168
897	287
599	466
68	3183
252	3248
321	911
21	2898
497	1466
261	821
267	2507
21	674
100	2138
833	991
410	757
109	1022
275	291
708	1278
218	2666
109	359
773	2426
267	2206
168	548
255	647
507	612
305	1876
1300	1139
65	3329
265	2758
153	556
54	1388
149	581
315	113
1062	1320
235	1570
259	1189
24	146
699	467
1491	640
835	126
218	743
918	633
1206	79
1081	328
261	1571
1579	1755
273	1300
720	3452
201	443
235	750
684	302
371	2978
1854	2417
216	4
864	905
394	2916
221	2721
1272	3050
740	2983
261	328
1803	567
573	2595
122	2128
426	1981
198	1350
308	3351
221	90
65	659
34	3541
45	254
865	1305
392	101
1525	450
1279	417
21	427
920	1312
82	19
234	1825
455	51
629	872
1108	5
1102	715
1253	1232
306	1478
740	968
152	2759
164	275
455	1048
1115	938
762	1974
218	147
318	1448
93	456
690	2746
244	3154
78	1062
252	1992
275	57
1854	2404
572	1470
493	345
346	1643
21	3125
241	314
164	497
704	1469
1170	2135
548	0
1375	814
1043	531
1009	1304
448	27
179	2051
1197	1930
1456	206
142	3503
73	2444
122	1874
760	6
693	543
8	367
8	711
314	1743
1563	88
870	280
373	726
1379	2151
371	187
1688	759
628	781
321	2233
221	327
686	811
346	4
462	1338
122	3358
1206	2103
235	1224
122	1799
252	3543
1434	69
252	1411
252	1903
164	1299
908	763
1777	1710
43	1312
1477	825
818	488
768	599
1332	1824
804	2303
572	261
1823	959
65	718
20	1860
1114	1161
1103	90
218	1396
142	570
392	1082
252	3034
1200	1106
248	1581
812	3031
769	630
516	2961
727	2572
278	740
383	673
1909	57
1457	478
1808	33
477	2063
690	1454
122	865
611	785
1201	411
1515	3015
449	345
962	517
42	576
236	2938
534	11
444	688
1227	1181
338	361
850	1045
457	923
765	1218
447	529
21	755
1139	1759
458	289
1045	3559
815	74
799	2150
414	1737
317	639
985	526
1351	999
109	2033
1846	24
617	1419
477	1963
91	64
862	2514
519	11
1561	1027
1079	30
1657	564
102	3533
1889	496
476	1576
1045	1947
360	3347
1509	880
173	206
642	2272
444	2484
940	1422
208	626
102	2186
1603	557
936	3408
750	1803
1427	353
576	481
73	1170
1384	634
385	1042
1346	110
600	2159
104	1639
166	166
252	719
1263	660
234	1330
63	82
252	3442
244	2618
757	619
883	707
458	1199
90	372
280	1453
279	422
1372	7
70	2317
1212	1945
252	1010
799	408
314	478
516	1649
799	2608
505	600
218	309
343	130
130	1309
47	665
1393	1018
1920	9
166	1178
196	1161
1046	1519
114	598
1480	949
501	1887
20	790
474	1669
345	710
1266	2585
1007	680
1291	1805
1729	645
115	717
197	1459
263	1940
252	874
1409	609
455	820
687	1087
648	796
308	383
1671	1483
218	391
835	1301
1363	124
1079	2250
187	767
147	3501
1206	604
573	659
248	2656
812	1529
392	35
911	3221
65	78
858	1545
636	1481
234	4
1405	1045
302	1148
1750	454
1673	2645
1229	2982
573	67
314	1505
292	1854
615	1413
438	666
260	1840
1052	201
24	1394
440	271
20	33
184	2857
750	2624
21	991
267	2318
416	123
1512	1756
789	120
1744	865
1426	1023
107	219
1165	1045
668	1656
418	1112
1648	288
259	147
204	1572
708	358
20	627
788	259
1096	3436
747	612
1656	247
444	1720
444	534
1129	2269
19	481
523	2149
448	647
252	3124
252	402
190	2660
142	1830
1473	251
957	615
392	884
1563	828
198	1344
21	2082
221	481
697	1848
352	44
1710	712
1550	362
1551	2348
248	183
1115	696
932	139
144	120
1215	756
799	2075
557	1949
862	1717
308	1597
7	279
482	1516
338	815
371	2188
1430	647
253	3027
567	134
519	2745
245	3030
165	1991
172	298
1303	1060
1512	793
204	2274
376	72
516	2108
1902	1150
1379	1706
72	101
970	2489
418	517
682	1658
685	1324
459	1977
1459	1781
512	968
1467	298
991	1245
174	2399
152	1072
21	2299
147	3577
1505	852
573	787
21	2614
1332	701
1118	1684
1059	660
595	2790
158	256
1	345
572	12
570	2993
708	245
484	2442
690	413
7	65
9	1795
581	773
605	779
964	288
109	2373
203	1205
433	151
20	2268
1136	1447
652	138
244	884
352	2743
92	550
1183	1526
183	785
322	812
1049	125
1114	1146
24	344
1541	1421
776	2424
265	1066
256	1509
1375	806
828	1295
168	846
1632	1459
267	3113
449	358
265	3123
458	628
256	1804
244	3013
21	1261
1661	101
565	97
687	872
29	1042
144	60
942	1608
605	1207
107	724
1919	2328
1045	1768
1314	1396
95	1265
191	2257
1816	613
165	1196
68	2352
21	1922
1605	2069
1004	1804
639	1826
102	2323
315	2256
990	1370
695	3088
1092	624
778	110
268	146
34	1687
459	786
444	2971
622	632
989	2193
488	524
257	1230
828	1479
262	1960
27	3088
252	3171
152	1420
130	2999
1011	3305
912	884
787	1006
620	369
1153	2194
1212	66
950	1596
850	543
517	471
148	406
1830	854
122	599
67	1415
1717	1598
604	110
372	2460
111	519
157	2661
738	880
783	519
628	1045
1199	804
940	369
945	130
1896	727
897	168
65	2503
1198	211
1274	1852
1724	227
1044	1194
1542	1427
573	556
887	894
307	3275
573	2107
756	2056
420	1851
1089	2017
1415	1195
1070	556
573	1214
273	1792
835	1985
599	98
467	3405
894	1450
472	311
136	302
1417	3440
82	576
130	632
225	288
115	2517
954	2541
682	441
1702	26
371	727
296	563
507	1991
223	197
82	3439
453	152
1614	326
292	1847
516	3545
339	1911
455	1568
122	2569
1258	428
1024	2790
1490	826
324	2093
77	101
505	122
475	248
467	811
991	607
885	101
1112	1070
168	2311
24	2264
1238	964
198	3526
1741	627
305	156
1501	3502
352	1293
1210	211
477	1349
1872	2991
1298	2323
1304	919
1484	1186
9	3368
383	1300
1087	481
122	3522
54	3130
812	208
1030	223
1294	32
198	3208
1530	400
472	1490
601	342
109	839
1131	1122
606	1067
453	735
1212	182
617	614
280	338
130	2284
1428	2228
1498	422
448	583
599	359
1681	387
206	136
899	211
444	3033
1060	811
838	2133
248	1947
799	1506
1638	2481
397	640
355	2511
477	1116
496	2960
76	1115
615	169
21	2897
8	2810
838	41
1006	2983
444	112
371	702
9	2906
4	123
743	1227
254	1023
252	1625
432	494
371	751
193	1419
192	1729
70	514
906	1407
214	2642
789	2091
799	1601
273	200
1376	207
455	1885
1851	3399
20	1263
21	3009
65	2951
708	1256
265	1795
109	667
1296	1609
132	985
21	152
1453	89
1791	110
229	51
726	601
280	2498
1628	187
1230	155
1589	288
142	3209
252	119
20	2235
1178	833
385	515
1281	653
690	833
48	305
809	71
471	1130
378	2152
261	1150
89	1508
1384	2242
330	2070
1114	1506
799	2480
142	505
93	2122
418	1511
255	2853
21	355
846	188
417	1329
573	324
1540	649
542	686
1597	517
835	1161
164	2028
715	500
1324	2896
1783	1480
876	1769
1028	1425
372	3274
1004	284
691	2368
789	702
1626	57
198	115
608	1207
343	2208
677	305
21	2047
348	3091
1394	151
122	2815
647	155
721	649
72	1611
1739	626
103	865
257	587
1040	1195
221	3411
477	2771
805	600
1571	110
13	777
1090	627
1201	298
120	1900
376	695
21	1565
760	2893
835	2302
348	895
1011	2227
849	125
1349	1467
166	2054
221	707
121	1317
376	1518
258	11
1007	69
288	1705
799	2321
1300	1239
252	3236
708	865
900	1121
573	3364
1278	1368
54	364
234	2636
28	5
789	207
179	430
1647	103
1417	284
20	1846
1456	121
218	2301
1018	466
290	1141
448	3525
908	514
327	1375
751	946
573	1331
392	431
715	1268
1218	1071
20	453
660	3471
1395	221
1744	3405
273	541
130	1713
1544	44
723	1298
858	1976
908	2695
812	2976
201	1374
71	2604
19	2197
799	1824
24	1196
486	2953
708	1106
570	1390
453	1466
20	2147
1161	2313
207	2603
546	793
747	664
1502	2867
21	105
270	669
13	522
674	35
248	2347
880	546
1147	545
323	811
216	682
1708	872
599	1462
178	101
240	2350
0	969
1040	244
864	2518
418	431
275	546
261	50
366	57
444	308
961	626
799	1050
595	226
1099	662
1108	1417
885	60
467	1262
715	2212
870	998
406	260
157	1115
586	454
450	607
412	1267
321	459
545	277
438	3435
763	982
1035	2696
982	1802
663	1489
652	828
179	56
1679	63
244	697
464	464
792	1699
1196	1358
96	761
471	1428
35	5
695	1681
1	661
1878	2406
122	1437
1196	1210
921	1083
606	2197
782	125
122	523
21	717
102	673
1324	1257
521	874
444	1850
477	17
142	288
1047	1186
42	883
229	305
751	3093
395	801
524	206
769	168
330	208
1015	551
566	364
72	428
516	705
21	955
49	383
21	2800
20	305
42	288
122	197
69	3253
676	2207
549	1803
1660	359
467	1040
599	2902
1064	117
42	289
157	1321
629	288
789	222
827	1328
1483	673
981	2788
1308	207
1116	2698
1467	2654
234	2816
3	647
1057	338
296	1388
1738	301
660	548
799	470
122	2037
622	3280
1331	2844
678	450
559	2223
1761	3052
477	31
39	2126
804	76
1468	612
1435	133
659	3060
812	2349
235	1174
1267	41
791	1536
1070	1205
380	773
1119	2332
1092	2559
459	247
111	1146
1433	1943
953	262
526	1694
78	382
284	1370
269	1704
642	567
252	537
293	1482
1629	1148
1587	2570
530	383
1014	204
248	171
1562	1652
1137	1191
268	186
1222	981
789	1432
831	1863
800	2357
858	1250
265	3127
540	2466
802	1538
93	2864
1206	1772
14	1674
1219	2844
46	820
102	765
477	752
1004	1974
1388	4
1103	1829
235	2944
418	845
267	887
800	1594
1054	2570
1771	1146
985	636
20	2941
947	113
516	3186
331	151
238	1339
548	381
1023	110
103	524
1144	702
1119	880
109	673
843	3406
936	1863
1906	841
120	833
235	662
53	2112
719	1330
374	880
24	3486
1916	382
214	2565
170	298
65	26
1011	356
1287	679
214	754
209	1246
265	93
253	547
1473	1883
550	1729
1546	2549
730	380
1836	2137
429	33
1435	447
30	2535
181	537
800	1049
165	2069
598	3091
1815	671
860	1023
376	1789
275	725
244	109
215	1022
516	830
984	359
90	1503
693	937
789	2716
1375	125
368	2168
586	3201
35	1115
594	201
279	578
1108	3520
261	1094
280	621
9	1116
221	2039
1383	454
257	892
132	909
563	3483
130	2590
1896	2276
130	3375
109	1115
72	2891
267	3418
1041	677
573	1874
345	1375
420	324
5	560
985	1794
1216	1255
1042	1391
152	321
1507	1183
65	1123
882	291
265	1988
28	467
1182	2696
1155	291
160	207
663	308
267	1217
516	2971
215	1839
1443	626
372	2454
229	308
284	695
9	1931
1734	333
94	1613
376	1988
835	2339
1220	686
273	227
741	2324
573	655
169	2455
684	1836
444	2659
371	345
816	1848
818	710
421	1112
1401	111
802	326
1222	2357
1052	1958
112	1785
1388	2653
585	3047
946	1474
1327	11
262	818
345	822
9	2024
634	933
964	206
964	608
1354	194
244	870
1889	1486
30	534
166	428
1816	835
736	44
721	7
410	907
516	1092
1600	1099
267	2162
1036	475
444	2372
98	113
1224	1774
1525	521
20	90
1769	664
1445	3080
1144	77
1011	847
517	1619
224	1116
1184	1959
1285	2825
79	436
252	3071
210	854
573	3122
8	3317
1325	1608
508	3099
1206	219
20	2409
463	905
198	504
453	39
1023	2829
1453	2818
715	985
380	23
1343	2185
21	1552
643	188
1047	2140
1616	362
423	1394
1391	772
122	2519
1426	1291
172	2975
530	357
1428	344
1762	1522
20	3129
90	1425
48	2160
862	194
165	3359
869	201
166	2762
54	1682
1239	2401
1562	689
903	2546
132	810
152	1053
20	1227
142	2015
1157	33
1025	1829
202	783
130	1500
429	1066
251	81
1441	639
1006	1298
1178	834
20	1078
65	1962
331	164
862	130
261	1729
1083	1420
583	125
122	1953
853	779
21	749
672	1177
1257	1104
516	2747
244	20
773	153
1103	3008
1103	888
1664	1671
1318	930
132	667
206	779
535	1812
682	1341
1529	1965
1110	467
347	582
292	265
621	2772
784	3026
1653	394
148	24
314	862
279	2834
273	125
561	434
682	777
198	1264
1887	132
862	1948
405	1736
1266	2006
142	1154
136	295
1623	847
477	2292
144	1507
1386	2072
23	41
21	880
9	156
1130	1784
234	1461
1028	2434
148	365
70	652
215	1639
34	208
174	2739
252	2115
1632	2386
977	1204
684	2602
421	2017
674	3099
21	3377
252	603
267	354
1067	123
1004	2645
421	1379
911	1080
265	291
1421	1117
543	563
1754	515
997	881
654	1571
34	369
355	2787
127	561
903	284
80	599
455	552
1226	207
1032	3140
799	1691
1605	374
539	254
466	1681
1144	639
252	201
263	7
234	158
316	151
1871	529
792	185
252	1994
857	257
1053	1559
179	833
20	2330
142	504
408	444
438	2470
195	2613
1076	57
142	2192
602	1832
603	69
236	1448
1263	101
85	1893
169	859
272	44
897	2823
1766	640
355	707
1045	3159
781	906
1770	2929
230	399
202	373
606	3336
1273	3253
727	923
377	123
9	1452
200	647
109	790
164	1388
1714	2581
1060	912
592	494
1448	739
661	41
280	2102
319	3063
1286	86
208	3161
740	1420
1257	703
235	1743
521	2854
813	1059
1893	146
835	1575
1712	24
676	3354
248	3509
1108	27
616	1756
812	200
381	1908
1827	244
20	1472
20	3348
267	658
1208	55
563	1038
865	164
1625	565
365	57
1006	75
1230	541
53	1200
944	168
20	914
1851	1523
1570	974
1735	101
515	834
444	1803
1282	1610
306	2330
608	211
1179	1796
132	206
41	3126
573	1968
204	1188
42	2410
1525	902
301	1245
418	3333
248	3245
477	2170
1201	228
63	26
662	1248
454	44
563	57
447	1608
92	2367
265	239
1235	530
1403	500
793	616
1583	84
236	1465
573	3236
803	1202
655	388
516	424
166	1097
1773	543
1461	3322
109	139
272	279
453	1098
166	373
112	619
602	1421
516	484
881	2163
234	1229
693	0
1578	7
31	2098
868	2643
1559	2952
648	288
108	7
1198	647
802	3120
78	148
1052	1487
985	1753
985	860
234	2740
1873	1521
267	2415
1386	1697
111	711
333	342
1272	804
31	3396
60	2345
1796	3374
21	2727
1011	680
3	881
482	11
823	1076
464	1129
1704	2175
338	2599
21	547
1117	1228
82	324
1711	146
539	2238
112	1071
122	2650
1399	779
695	696
218	2861
1910	105
48	2634
1818	2979
21	429
988	294
157	1417
500	1763
791	1329
1665	3524
34	706
1362	3073
234	425
338	2778
38	1211
444	1148
572	1116
1152	1037
437	1115
985	2900
489	505
372	1146
474	2364
471	29
3	369
1178	1957
1839	3229
142	1961
158	2548
41	2170
117	110
395	1041
945	376
966	1054
1183	2875
815	447
98	1211
686	1673
1125	1713
782	3053
932	1525
252	2561
814	3273
815	1051
417	246
598	123
573	2372
1148	1774
19	2272
30	1156
3	1820
1706	818
265	326
216	3370
719	2783
1633	102
235	565
185	701
3	832
1546	916
261	105
201	1289
343	444
1283	1712
1682	473
952	1574
1463	1680
1407	331
1446	431
1526	457
968	664
1921	888
1383	279
792	909
604	1276
1076	3343
365	358
1079	76
204	1508
599	1920
218	676
910	1882
1153	3061
1045	1557
1	2166
656	294
1293	92
789	565
9	1075
705	2093
585	2516
908	2237
168	1018
720	1250
1044	3177
1844	1780
792	1112
835	3137
1252	1121
376	2403
449	248
111	141
1201	35
892	1560
995	1292
1096	118
467	2282
5	2930
293	235
214	1529
296	100
130	2545
718	674
461	2388
1878	1276
706	1718
314	259
604	3098
969	306
252	792
130	2278
210	1203
684	2030
250	1506
471	20
1330	411
20	963
516	1174
1096	2224
311	727
945	873
197	1466
612	1998
1473	440
1328	969
409	891
519	539
145	96
305	413
1328	123
1711	526
1233	808
1624	454
1316	393
157	2761
461	1969
573	1450
220	567
573	942
235	944
212	967
709	422
248	749
198	82
400	359
152	2021
65	307
21	1131
166	65
573	1878
1580	200
846	1149
209	615
1302	394
13	551
326	66
756	3028
1206	2481
20	2444
158	2894
1381	397
252	550
355	3040
215	252
506	66
204	1500
132	1016
73	476
639	215
978	436
1114	344
78	954
586	1595
302	469
1552	211
1323	1165
20	147
835	90
715	428
1402	907
20	550
1252	72
19	467
1341	1526
921	230
65	355
455	2272
548	1618
1774	769
142	2081
457	1044
267	646
1143	964
1164	660
1441	663
1712	2153
290	1481
331	543
392	428
135	843
284	1041
751	543
1187	664
244	1468
8	2783
1610	1054
24	1174
120	2355
1654	197
735	2271
573	2978
525	2230
835	2373
966	2272
891	6
371	1212
1301	1866
1409	1482
799	1999
1099	1305
428	599
835	87
263	1490
21	1230
959	1386
1574	808
46	1862
218	2641
1104	1914
130	9
1864	2145
371	2926
47	2963
371	575
263	2308
1076	1646
525	1011
367	872
20	1736
599	287
1468	248
1099	1496
1077	1609
789	2737
983	660
1	1419
21	2295
1867	1169
248	796
1870	2765
462	881
252	2226
1262	1998
1266	627
461	1041
1221	101
846	2052
21	1343
306	288
24	343
663	515
1555	2974
276	167
618	3092
368	1267
21	83
1126	96
572	1509
112	826
516	3012
371	1987
475	1048
1052	2501
257	2150
240	263
296	324
216	283
54	800
493	1112
1306	51
100	445
1561	2707
339	1090
168	1110
271	536
800	197
1835	508
793	1343
1498	3536
198	320
705	291
257	1568
371	1663
477	3279
248	700
1693	3225
453	2375
412	2600
34	2775
1487	2652
0	695
1011	621
469	3058
471	67
17	1716
1	2438
20	3453
209	2720
355	297
455	845
116	79
585	2261
18	813
212	3018
371	1943
221	516
471	1112
20	84
276	1177
1025	3131
265	1063
323	377
1099	461
93	2010
1239	1690
452	326
1050	2053
572	761
235	2084
616	916
229	1946
21	2776
503	1186
1924	1146
1908	2599
1297	457
167	633
1820	524
830	457
102	1409
218	2621
1837	2824
144	1593
528	561
248	214
1640	259
44	1775
228	1087
684	864
474	284
863	123
1038	342
1306	394
58	341
672	474
1216	515
162	23
928	3001
252	3179
1465	1372
1410	97
1429	365
1688	3444
49	475
477	865
817	511
555	1004
453	321
128	3128
48	2453
408	1909
221	1824
985	612
835	3195
1899	358
1087	647
201	793
218	222
865	1340
1369	1525
565	2236
21	1022
64	2753
605	756
252	1586
521	900
65	2734
1767	531
371	206
477	1095
1789	1121
5	1942
648	1618
715	431
1	1067
42	1747
551	1680
254	818
1227	1791
1491	4
731	2895
20	235
229	679
312	153
471	3517
292	42
136	1567
787	244
112	865
426	1108
687	1082
877	2028
214	1834
1663	2288
516	1963
1311	1121
201	2442
176	1076
217	288
284	11
462	2839
296	271
135	615
371	729
458	777
271	810
349	372
1172	358
21	2607
371	1470
1209	1358
280	2447
484	75
684	1771
881	239
64	3356
132	2646
1202	1596
872	1606
158	208
20	1769
1110	457
972	2353
453	1576
38	467
465	1376
324	2430
72	1239
585	2105
1504	940
267	926
41	2320
235	2099
105	2028
20	201
203	2674
1051	2009
132	1868
115	1853
34	1798
588	200
142	1567
877	907
414	1182
1070	1236
382	927
65	2151
138	876
964	2355
323	870
1096	2718
744	1794
921	2599
472	579
532	1686
990	789
267	582
265	3319
1400	96
59	755
65	1595
360	41
894	510
1897	587
846	44
48	297
65	2814
724	912
572	679
372	2519
835	653
799	1074
838	663
152	425
136	1785
20	2085
812	3487
297	2218
248	1751
120	933
974	224
122	208
926	639
265	1994
1534	2526
516	2651
41	1882
1114	541
280	211
921	748
573	2050
330	1510
243	1841
1253	606
209	649
1159	3555
1408	2206
620	384
720	1116
492	457
467	3561
804	2707
283	1506
1222	84
296	1718
1601	626
1177	865
130	3434
130	150
1859	677
252	474
372	2137
293	1032
120	491
1131	110
1130	6
261	1983
1666	1530
649	1825
8	1258
122	857
1045	1405
1470	1589
897	925
267	733
804	1565
1234	1121
1597	1218
937	2733
24	3041
464	1696
1131	57
290	1720
1455	1044
1348	4
620	1991
1173	467
747	2307
142	1097
1195	91
454	3177
252	2055
1	871
152	2417
892	3307
97	2058
569	145
636	279
573	1474
158	181
1755	120
1248	1105
292	487
939	2278
484	1595
358	498
921	565
967	1105
100	2855
1091	1855
467	1879
322	2979
828	386
98	2317
173	199
1201	1388
19	1309
300	468
247	926
21	1253
218	1230
145	411
238	912
1473	476
234	2096
427	1549
1161	2032
788	1592
1011	2365
835	1406
251	1935
376	334
31	215
814	3379
978	288
1070	981
1848	3174
132	567
624	35
453	569
142	144
1258	590
1705	100
60	2277
604	1050
446	649
21	2869
1690	1713
835	340
496	2582
964	488
593	468
1356	777
429	626
612	1943
261	2097
1249	1612
49	2068
599	2117
1525	2146
45	3464
591	1449
65	1315
261	785
804	519
122	1050
516	1090
477	639
262	964
34	87
396	641
1415	543
1136	1798
663	2464
791	1163
297	894
108	1365
715	471
1054	1887
371	990
637	873
519	1736
252	2205
3	48
771	1621
449	615
355	113
21	1393
265	1347
1675	3095
59	1269
21	1805
684	438
799	650
1805	1642
332	101
9	3566
1827	343
28	845
543	1466
686	758
1112	2679
196	1202
1337	27
1624	1643
196	1382
1155	2209
431	294
37	359
49	2712
34	1184
234	324
1493	1879
141	301
585	658
268	2127
1731	2964
108	203
267	2395
1293	2661
1126	1292
244	2646
545	482
1456	3562
21	1752
221	3179
451	2825
939	2148
149	3219
263	1064
313	33
268	708
114	2908
160	727
1061	342
690	886
1833	1071
909	1051
198	158
467	1861
38	1905
267	187
1110	1069
359	120
757	277
20	410
132	1979
260	3488
132	387
270	2648
1691	3056
1248	1738
471	3152
34	1198
471	35
923	826
60	2709
218	2012
122	2728
1690	673
1046	2871
252	298
302	558
801	738
458	703
407	2045
261	1355
582	1730
715	1112
244	414
678	2516
272	664
8	258
1779	3498
31	303
734	1726
1700	60
113	3416
1250	2242
516	863
238	1213
1180	298
1131	3354
857	657
122	2494
30	3201
267	257
84	1273
482	1655
682	2505
549	500
1626	100
257	3363
553	2412
1699	460
799	279
738	2644
566	2198
684	661
425	43
122	3147
376	386
403	2404
1283	1645
227	858
988	1602
331	64
240	456
277	1383
244	855
21	2474
445	743
604	1428
1067	244
102	1114
1310	488
576	1419
1128	3421
206	359
858	2981
757	3572
438	1749
682	456
908	541
990	695
464	2167
221	558
1285	1012
1447	1506
122	456
899	3014
800	1458
419	1121
1869	11
30	673
492	1136
1572	2947
252	1091
167	460
747	80
252	1324
273	1236
734	845
325	1722
563	1431
72	948
234	2123
454	3315
799	1678
365	558
266	2069
720	1559
521	1845
432	640
1643	962
252	2
1850	3405
793	2444
371	1780
315	1219
371	2397
29	1158
1404	1760
1256	1081
720	1614
21	2577
280	1841
1371	726
916	123
990	1668
1435	1699
209	123
1029	298
897	314
516	2890
862	3018
284	3096
573	10
120	541
314	622
606	449
314	2315
1238	1681
30	2084
135	1079
252	3039
616	87
664	2263
835	2744
157	1146
1592	411
726	1170
813	44
109	1075
108	2252
660	595
658	818
215	2576
444	233
573	2399
265	837
195	2455
146	1420
1201	845
348	2553
599	338
871	992
471	93
751	2168
164	2083
21	632
660	2094
707	208
368	2406
358	938
634	577
966	406
19	2633
210	2064
985	590
516	1572
130	398
728	898
1212	393
816	1115
124	1497
516	2690
1831	1037
1366	1590
1403	905
703	2288
44	1966
186	2586
1222	1056
122	2499
996	411
1600	1698
48	1209
1136	1506
732	568
521	75
508	735
1720	1579
244	2954
1108	722
371	290
333	1610
218	259
267	2486
1146	2506
1255	106
252	2176
457	431
291	1562
502	359
1489	531
54	1659
467	490
1842	2452
24	2942
791	1332
482	833
444	1045
204	4
1340	519
1206	940
1802	1247
21	574
122	1324
65	748
573	374
30	1963
471	1073
1375	673
983	233
1002	592
648	267
201	1451
521	1076
271	3385
122	1352
1057	1175
447	89
129	132
785	292
1221	818
1077	1045
15	825
1103	991
1532	933
24	2566
333	158
401	1656
236	879
1131	1849
252	152
1786	2902
1709	1395
1454	606
102	491
943	267
1526	155
252	1388
990	51
1413	2999
30	1399
741	110
1131	256
572	732
165	548
1534	1584
261	210
70	541
97	57
418	2808
76	3194
1829	407
820	962
1077	2032
760	905
1809	814
166	1294
376	2286
252	3391
623	4
1839	3309
24	1568
1255	2770
795	2549
1651	248
679	488
1386	481
468	488
248	2647
86	105
1607	1462
718	2065
152	829
599	1314
372	27
9	2337
26	181
1142	1892
683	1974
1176	592
59	7
348	680
109	2773
1011	1075
1189	1017
841	1178
969	324
638	301
877	33
1166	3103
218	2318
800	647
252	2660
638	1808
930	663
11	297
1914	216
1348	742
204	325
186	1475
267	781
779	508
1696	581
21	431
1158	1130
1294	1044
453	1381
1546	917
411	1518
1462	1920
27	1822
573	977
371	1298
206	54
130	3323
34	2633
1053	359
477	1013
30	2441
267	637
1518	952
838	2813
102	711
132	862
267	3499
1131	362
329	265
1099	3013
1004	2246
516	1441
955	1182
1588	1734
495	2732
218	1000
966	195
313	2088
921	524
390	1877
573	798
1640	544
400	27
164	128
1528	625
1115	799
1442	1104
267	962
9	1390
1101	2682
1822	2527
660	1346
1723	2370
323	56
100	991
637	3217
122	2643
689	121
453	2149
136	629
65	1153
1348	1054
883	2612
595	2525
292	235
1232	471
142	974
830	60
67	2800
252	689
341	1298
21	721
482	2392
835	12
218	543
123	1974
122	1512
1692	788
455	990
1324	151
217	3571
453	844
893	1242
19	2056
829	97
234	1432
985	90
289	710
1537	288
65	2586
238	824
280	1992
921	792
102	3166
537	2139
8	1536
725	1989
975	1562
322	1575
153	1675
244	930
338	2500
368	1746
585	227
660	460
682	152
473	133
895	5
828	662
573	3440
132	532
114	344
114	5
1160	48
120	320
1404	2232
672	2161
939	3255
21	2274
637	436
995	410
455	1642
109	1172
257	1967
387	148
426	1339
406	644
1451	101
1337	2518
1491	244
447	2157
1740	877
127	307
454	2675
265	1386
1077	555
927	796
365	2641
244	1518
616	2518
1653	428
41	2212
218	2643
792	471
120	5
879	415
921	316
449	6
348	971
144	611
221	1023
102	1826
59	808
645	1237
103	1659
536	405
252	491
222	457
1729	394
1581	632
206	347
1834	1691
145	413
432	2705
1281	779
132	1686
838	3097
981	277
916	2976
1340	428
708	808
1068	151
261	826
1065	2294
492	1545
631	2652
29	515
265	3427
1135	1075
942	2843
1543	1828
24	3563
1508	1774
952	894
715	220
1021	79
467	1205
862	524
1139	2279
799	1518
604	2867
225	2375
572	1725
545	957
220	2829
259	218
743	309
109	663
306	1321
221	567
216	1453
248	35
83	492
837	288
1098	774
916	283
585	2824
1337	941
799	175
142	2077
467	923
487	2120
562	400
949	1538
573	3274
502	1497
122	182
715	3227
1592	1067
1072	2373
24	16
487	1674
1291	1848
132	2657
323	34
1149	611
1841	24
1476	813
20	680
858	519
522	963
73	289
330	1058
45	1229
41	173
1493	1808
350	1685
142	1550
1157	608
234	2530
1840	300
1018	1455
1774	234
1086	397
585	2458
1584	203
120	2831
545	2674
132	1937
267	1644
265	1714
1096	1481
252	433
862	1148
360	524
444	1187
372	1823
590	205
477	2018
553	954
879	703
496	1033
218	2880
846	1536
120	3068
936	188
31	1432
1659	615
9	233
854	1161
1853	1308
759	481
1093	633
324	2138
164	2948
525	58
921	2254
130	216
164	359
152	116
1890	3511
265	2705
1920	376
142	2129
1103	576
1752	2026
591	616
92	481
350	3007
874	1145
218	46
477	2705
20	166
1886	1531
267	1761
862	33
18	6
265	1051
84	653
467	2363
772	1065
669	3334
926	134
287	412
631	482
65	2937
1438	121
479	1836
325	2637
54	515
1169	2525
164	2671
784	722
992	758
261	1675
1005	632
661	266
68	133
1905	2442
21	2754
126	488
830	245
34	231
800	3377
1339	981
1319	865
1518	664
1824	2118
780	3118
130	1709
112	267
615	692
516	422
1098	342
1418	125
167	295
547	2407
10	2291
122	3062
244	5
751	869
109	274
557	2513
649	334
789	1504
122	2699
1893	2033
740	1459
550	2214
1810	431
799	2693
289	76
376	1148
462	62
407	6
1206	130
438	503
519	467
1113	1525
1455	1580
3	61
213	1939
454	2170
1733	1149
1240	1474
941	3128
606	344
1910	44
1213	2950
1908	2323
653	1407
371	2486
789	1304
1352	2923
461	1195
143	1370
206	1802
671	543
1207	75
202	199
694	2829
71	1802
459	2230
936	845
799	3048
355	1149
387	26
1233	2346
486	1054
444	2443
206	1394
78	3300
1410	3250
843	2993
1787	878
152	1799
100	2162
41	336
940	3407
1298	845
708	1237
534	430
481	2672
34	1237
234	1249
1322	1844
1344	2567
1787	553
142	931
862	255
1012	818
1131	1683
44	2983
167	2229
1384	3301
181	1553
343	478
54	909
772	84
1628	132
20	1322
132	3096
7	673
53	75
52	1308
320	1488
1650	342
570	2095
8	2108
89	712
453	1688
1698	510
881	2076
1	680
892	1410
8	2759
115	2589
498	1025
1360	210
366	11
208	2540
1658	519
674	543
348	2661
247	1018
508	1906
218	2586
484	46
1011	679
760	785
324	1364
69	2462
273	2232
455	2384
368	275
225	1884
932	622
1103	291
77	656
1072	371
815	244
97	3454
1061	33
442	944
444	756
753	219
10	812
1192	1469
508	57
284	2705
22	702
1421	2705
538	1855
388	640
1894	1848
847	456
1378	33
742	2788
877	101
496	1429
63	607
373	1541
719	2239
1501	1549
9	2766
609	27
387	627
898	2237
1239	175
1206	2760
682	1933
338	3082
620	712
1578	541
881	626
109	1990
964	909
365	1329
233	488
285	219
218	1468
930	3112
1394	983
811	1466
252	748
364	981
227	278
209	664
1103	517
573	318
20	177
1272	1292
305	1130
1903	212
248	1988
167	219
67	3400
164	130
144	1875
24	1474
1206	1610
1244	1516
1254	41
444	3332
1093	430
444	942
409	318
1407	110
154	2894
45	1006
93	702
110	969
1109	1157
102	311
363	3064
782	606
753	2388
516	1593
235	997
800	1492
1888	2152
214	905
1273	1945
152	478
1557	645
603	100
218	1810
684	1503
894	259
586	597
353	1880
529	1241
267	2193
235	147
257	2594
1260	101
70	2792
1423	1798
260	1229
1470	1244
1779	288
144	912
1358	24
371	1290
20	366
795	3326
216	1275
812	1604
553	454
24	1847
103	2325
901	128
952	478
777	639
766	1671
265	1067
835	2121
7	2839
892	368
800	153
1807	2843
58	2440
1061	471
34	1920
475	133
1196	66
19	3504
122	2625
66	168
98	2090
233	870
35	1974
263	3360
629	481
1303	2113
990	413
252	20
674	1996
1218	826
511	431
830	748
1052	4
1808	44
277	973
1210	1851
65	3093
105	820
521	698
421	504
21	2820
733	266
663	1548
1381	641
130	2628
966	88
885	135
1515	664
37	1799
21	3214
901	2901
1623	2818
516	1323
244	1067
170	454
39	188
65	2751
370	113
242	2820
48	275
1414	2938
20	826
96	464
252	1066
1299	413
865	1727
495	331
1447	519
261	33
1238	299
471	1298
1097	416
166	900
109	1808
44	301
791	48
626	1518
1909	1522
265	3022
1449	2091
963	1017
24	2623
122	297
855	2363
1099	2271
8	1943
708	673
1079	649
525	2222
1662	2025
362	777
653	158
1791	1353
728	2113
240	2648
986	3353
185	6
505	1466
708	133
35	346
20	1033
122	1891
166	1501
173	1763
1455	2315
214	1482
122	1471
252	1238
252	3549
421	968
314	918
275	3449
1805	1963
252	2258
209	1749
505	79
1455	664
1861	3097
5	2389
65	1911
1209	1562
252	483
221	3288
474	1147
733	1652
337	2123
1806	2538
1315	2603
203	727
1635	444
62	1741
143	2216
551	533
573	2097
221	1485
8	1742
341	1845
103	1799
1276	110
453	2939
279	1783
147	291
65	1169
245	856
1606	2250
1627	1098
1275	2044
1	858
175	75
746	2479
376	2350
234	1054
1093	2270
835	570
122	1968
41	845
121	3035
106	481
1266	804
649	2133
1722	2267
1413	2658
381	1861
371	288
1558	1767
560	1419
573	2241
1756	101
17	2979
1131	723
208	1065
834	2338
242	398
835	1057
660	2107
1022	3489
54	870
1081	2842
564	607
11	2350
111	488
532	1245
1129	376
28	3300
1045	1103
821	2432
244	3331
909	211
484	640
1390	2751
580	344
20	422
548	135
516	326
218	1214
825	1053
1052	2985
1742	868
1252	2290
371	2595
708	69
20	2017
1115	471
809	2713
18	854
166	338
145	315
1741	968
1131	1921
1246	1315
781	962
638	933
653	154
906	241
1631	3519
1005	488
122	1418
252	730
1226	1227
61	199
1363	2904
1094	561
1898	69
761	750
244	1298
857	1473
813	664
565	912
1240	1662
649	544
244	1711
215	2807
573	1839
350	892
1003	65
862	201
314	19
122	642
1494	448
215	1791
746	1333
263	1353
525	567
1906	1945
184	76
8	3506
218	1210
789	1147
1921	3558
612	2373
108	139
926	571
1641	1646
65	3493
268	710
708	665
53	2506
120	3076
362	161
516	567
255	141
59	309
639	2108
757	174
173	211
740	867
252	2477
122	1604
1011	876
265	3268
751	1847
24	486
273	865
863	1116
1260	1493
1329	4
202	1828
776	752
684	2752
676	1285
1836	291
341	265
1596	960
1845	3286
256	750
682	443
629	276
1259	1446
218	1568
158	3119
1266	3097
464	1231
25	123
482	275
421	24
990	705
7	2181
441	2161
252	1965
358	216
273	158
65	3374
365	557
508	540
682	488
1361	2363
136	3163
1894	2626
729	926
130	2809
892	2355
799	3495
742	201
596	110
279	117
1629	447
244	2925
1748	1042
1187	821
1178	110
1218	731
438	494
423	3077
1327	2592
1177	2706
1588	1736
211	2903
368	1692
1047	830
862	599
646	538
1286	1497
173	30
382	2237
772	1430
745	1317
1087	1028
1204	1233
477	2786
467	295
20	270
104	1419
882	647
1821	265
216	1054
1785	964
972	900
1523	729
751	742
1772	2260
1333	541
455	1719
377	3389
684	2023
410	527
729	403
68	1623
8	3345
1615	3368
21	2022
214	141
663	3160
1704	394
1686	657
503	214
20	115
875	307
956	122
1043	1029
684	565
235	324
1115	1083
65	2389
24	1740
1917	2860
198	1479
1763	372
1282	664
505	1383
19	1613
732	5
1187	1017
784	566
111	122
1635	1858
573	1754
482	2211
65	1099
1809	476
943	428
11	752
273	284
469	1338
177	1126
205	1091
864	3120
268	1121
1108	1149
578	3570
252	3573
122	126
371	2321
573	933
708	1258
530	96
1604	688
122	168
921	1578
294	870
1235	1078
419	57
166	1331
896	2244
1093	2876
570	1233
122	58
248	1328
1008	828
510	323
453	1902
202	2725
460	1322
121	2858
1800	1510
964	92
1349	1034
855	615
1645	185
1661	1089
204	1053
120	34
505	526
8	2440
862	3350
373	2224
1757	773
257	1213
122	40
261	451
974	1789
1218	1450
1005	2241
1144	1250
201	2231
1025	1883
656	615
221	2733
1284	430
821	75
5	2263
152	3210
990	1301
3	21
112	423
1456	524
371	1588
279	491
732	110
1383	1803
251	138
272	526
353	298
360	2214
819	1113
1350	3414
370	1149
1351	2274
24	3111
283	736
1025	684
942	1419
279	2441
1332	2264
747	662
915	2093
549	359
178	278
1609	3367
166	1021
281	942
797	1859
1018	1976
127	349
24	288
152	448
1713	403
1164	2309
20	3242
414	1870
1630	267
1541	762
684	488
1108	153
513	637
165	122
178	1606
1273	1571
144	647
235	707
218	1960
397	401
240	310
985	560
655	101
387	2702
529	595
376	1446
442	1358
190	1287
122	1583
451	894
425	1338
326	488
59	2588
60	5
1627	1539
199	60
551	106
542	1360
799	367
949	1086
34	1809
38	3544
1709	1178
1789	153
11	1270
787	706
1293	623
1069	1255
610	35
1338	1804
572	451
436	422
1576	110
1020	2525
622	872
1593	643
523	1459
524	2674
354	342
503	2362
514	615
173	467
277	2895
358	519
1239	1924
1210	944
234	1067
73	1006
1041	825
259	1166
1239	522
990	798
20	3231
122	2571
1560	645
640	1745
799	1713
120	2588
529	833
720	987
218	3384
740	503
548	1730
122	2451
252	897
21	257
1031	647
214	1139
1047	1166
921	2002
591	319
238	1202
1047	3472
314	1050
209	92
455	3117
324	444
1252	2440
696	4
1210	978
516	1133
81	773
1715	1044
1767	2840
455	565
371	3466
19	1628
436	404
456	774
439	1506
1664	941
573	264
1548	262
734	647
371	741
1431	417
412	2022
426	1369
304	2339
257	1240
1408	664
673	1263
505	265
378	2765
997	2144
203	2038
660	680
234	926
1814	1292
1638	1138
568	3246
44	381
276	1571
142	2182
467	199
218	3004
248	1099
252	2620
325	2668
362	1405
584	957
444	1466
682	930
267	132
273	191
267	66
608	837
221	173
160	907
921	431
421	627
616	822
1676	162
390	602
453	2996
0	281
376	1019
1242	288
613	1740
574	1194
1746	2986
296	2590
371	294
294	69
48	383
1514	2859
799	3284
406	69
1116	168
491	1539
198	1971
103	1041
132	3550
1897	384
716	177
664	3254
368	40
751	609
142	503
481	2861
290	318
1909	626
54	1597
1528	1606
267	674
687	2921
1069	804
259	200
1398	786
132	185
460	541
218	488
255	2452
827	1945
45	2694
9	1748
709	1417
173	164
1006	2206
54	1269
1506	1564
1134	245
667	2178
355	874
856	98
615	32
261	1598
8	1788
548	113
378	2355
267	2776
599	856
599	457
1265	808
799	2079
1017	990
78	3361
259	2479
1927	2303
1877	3047
244	77
19	686
1096	1571
186	1641
229	2091
1625	1497
251	336
342	1066
989	702
474	1104
244	2994
1052	1026
142	2463
1284	101
739	2165
496	2552
280	49
1006	2549
1127	445
376	1234
99	288
297	798
458	2513
167	2480
82	688
132	3084
37	1635
453	1897
1169	3193
1661	431
114	1560
459	1494
1178	564
966	2525
684	790
26	1042
218	659
30	87
1046	1867
120	1431
660	3
527	2015
432	2604
175	1147
144	1803
20	2256
519	1717
918	295
409	1431
585	2248
857	2962
35	1513
1614	818
865	1804
30	2528
431	320
1185	393
467	23
1004	1745
122	494
1096	541
754	1557
1217	2848
855	521
508	754
1383	2360
1052	2175
161	2251
267	2171
553	344
467	178
876	265
1152	413
252	233
265	2206
418	1249
1473	3029
65	3109
632	515
1600	1446
376	1668
234	57
304	1025
508	359
1210	524
840	163
1353	2001
457	88
1120	679
1365	1025
1061	506
858	135
1556	33
1484	968
788	133
369	50
218	196
130	346
265	2972
168	1358
259	2235
623	643
221	2888
198	2238
221	442
802	2037
98	1260
255	1149
201	33
1201	757
1196	342
1389	565
908	1859
546	852
503	2223
150	3311
215	124
406	2831
455	60
166	303
613	201
160	193
362	499
252	784
1199	1582
20	2856
1416	1115
573	682
478	1110
615	3574
1045	110
292	565
457	880
1006	221
162	1423
261	2217
376	833
557	151
156	1131
506	837
268	722
477	1822
9	1680
708	2211
466	934
1818	201
30	567
885	1405
3	376
259	1617
830	872
390	579
812	2610
1210	1531
198	2132
414	2358
400	1792
371	891
218	582
206	923
103	2979
145	162
445	43
272	2663
1557	3264
49	862
28	2151
1005	2558
1639	509
374	43
9	1876
218	134
840	448
715	689
1357	75
532	626
715	1609
1898	351
1216	211
21	2326
715	2830
100	1708
913	6
333	491
99	2323
301	1905
11	630
808	994
1103	609
466	56
603	240
548	2267
444	819
36	43
294	1532
21	2992
1437	79
508	2534
69	146
102	50
166	1100
218	2596
265	595
604	777
747	233
65	531
1440	2433
1240	3365
835	1143
884	98
453	1593
218	12
244	563
835	1226
48	790
899	2862
1210	612
144	367
318	2392
1324	478
1087	1719
218	1487
1053	1679
235	1958
1357	259
1082	1414
897	2956
122	2970
235	2371
467	2644
65	1074
1056	324
885	818
1614	1074
51	2663
831	1297
76	1401
502	524
261	522
721	1205
604	2823
998	444
615	101
105	44
1085	1254
109	2922
649	216
252	2768
410	2080
813	57
244	73
477	1353
96	1967
1416	488
458	245
516	893
1379	2563
21	491
1011	862
167	1884
740	1798
218	39
862	499
729	1418
404	1933
1885	451
21	2877
18	25
54	187
538	506
1003	872
1736	88
371	525
20	288
314	1333
1254	2174
1258	83
444	2831
1376	1207
1469	1119
292	454
1175	1358
52	2922
218	722
644	3479
409	1030
279	1705
198	12
122	2698
1290	1882
355	1075
1483	444
1354	904
247	1622
109	1016
1690	1691
702	1534
215	2266
279	1627
1848	2426
30	392
297	2121
1072	3082
191	161
599	1156
195	217
471	543
238	1729
674	1175
712	2803
315	568
35	697
49	319
64	327
54	1230
24	1377
691	1044
1847	3105
82	3448
682	3494
20	1620
244	1527
728	133
658	2557
267	1254
103	211
706	1087
248	833
1080	2479
1176	612
405	1121
329	2979
989	1054
252	2966
343	1203
414	1096
568	576
1033	27
142	58
498	2235
165	557
185	1522
257	2714
221	552
1627	2313
256	1717
978	1115
1488	101
54	430
100	3062
1925	2143
252	198
416	865
944	1718
315	417
64	452
965	2194
815	57
159	134
663	201
683	1339
257	2833
573	415
489	481
1407	3401
1103	279
572	652
48	615
535	939
142	3303
218	3155
120	58
1077	500
8	565
1386	359
1443	248
164	1365
1733	950
971	1115
1595	773
1095	211
453	913
1106	206
74	532
599	1675
601	481
198	3353
738	490
782	2157
122	2748
122	1923
1847	137
573	3385
242	3021
338	1459
71	2211
115	2769
198	128
779	419
496	463
593	307
1103	688
1271	393
314	1620
516	2816
592	462
339	3146
224	1506
909	11
1130	372
29	396
812	1586
147	158
684	1148
21	2413
455	528
609	471
122	2585
112	2359
9	984
708	1615
544	1340
176	2859
862	8
606	1652
11	265
34	2416
967	2249
1118	1844
142	3547
47	803
767	1017
130	2731
657	293
432	2309
1246	1552
1418	852
102	1116
324	496
1778	1253
1070	311
824	2286
1100	3116
9	2723
454	1025
214	413
628	3331
778	121
1881	2965
996	140
1327	1803
177	600
1156	1640
738	130
200	2132
279	320
234	1691
1670	700
1123	260
122	3395
1398	33
142	1446
1473	1366
42	776
1343	43
48	61
179	543
708	2472
820	1212
669	1952
59	2493
937	2987
21	976
365	92
354	912
371	1001
261	3298
497	320
1175	2485
119	3510
122	2914
1067	1417
1191	660
1114	639
287	244
471	695
31	2247
132	361
176	1075
248	439
921	2252
1527	2029
1621	1554
1236	256
1233	3258
1565	2611
229	669
20	755
313	1880
19	320
252	3243
69	35
144	428
216	108
215	1141
840	246
1207	684
799	190
1160	1671
1206	2943
218	282
37	1195
9	1231
290	1594
848	2118
1200	162
234	580
244	2968
1573	1585
1804	3185
899	4
348	1633
1277	2173
966	441
938	895
1073	642
541	1388
1418	298
484	309
1103	743
306	727
1332	547
39	2558
20	2767
0	965
252	1654
516	1881
222	723
1035	1211
218	73
252	3386
314	1137
24	128
469	1289
945	87
165	1589
1077	101
1262	342
252	2805
387	1649
1011	1088
489	2182
488	794
599	1202
122	491
1432	264
522	168
1217	732
800	1382
1840	1139
1107	7
20	282
1133	1255
455	307
406	2631
130	1342
849	362
9	413
1831	2870
435	1054
1375	597
890	2487
41	943
375	1228
4	702
1337	577
1549	1329
1359	1295
577	2880
261	669
364	1115
220	865
1485	788
1415	291
503	1655
1524	2177
1826	1652
1700	469
1319	2206
323	2358
315	1054
740	640
352	677
52	1643
618	827
1669	704
1162	1321
252	2969
1138	2592
1392	2196
215	1470
248	69
218	646
455	93
275	65
798	1383
1663	3477
1320	2697
261	2181
973	939
573	3383
63	1199
244	713
255	1782
90	1825
314	2508
1052	1573
872	368
9	2674
276	1372
899	2025
796	2081
63	2328
1149	411
20	3167
482	5
1662	245
505	219
1089	33
1189	1240
1358	768
1565	444
508	392
1756	75
70	326
599	777
158	2615
21	3428
1331	214
200	3532
73	891
444	1936
34	3145
130	279
210	63
314	1538
206	4
757	719
122	943
96	626
120	2637
1011	880
1099	403
1282	1127
360	833
1517	1880
248	118
525	3087
1564	387
244	3115
251	599
1209	394
14	942
573	573
477	65
983	3239
1580	1095
516	3278
720	5
421	665
453	3431
48	596
799	1621
144	235
1763	1646
216	2670
911	1933
11	667
1678	2490
619	343
122	1363
120	122
1408	1121
449	2056
110	291
852	2045
1644	1329
573	3011
1171	154
9	543
142	693
145	93
1399	3531
1545	2665
1	405
235	770
412	2223
1707	151
1092	701
40	2959
793	3181
1457	104
862	27
604	2245
122	3459
3	1124
1513	3139
244	947
248	1433
1736	664
260	759
54	2686
788	311
68	2151
120	66
972	201
202	2146
1162	223
516	471
453	1911
109	1036
142	3235
1762	1981
249	583
348	828
1097	1897
1655	478
275	2274
1256	35
1540	354
1011	373
1077	428
319	1241
179	2274
504	1611
453	389
267	2226
885	32
451	786
307	96
1253	75
1420	411
89	2059
423	2928
816	207
905	1200
323	481
1696	57
371	942
152	3518
1347	1264
1645	843
597	1533
1869	216
803	2025
751	2391
47	379
122	2051
990	2400
192	302
313	2763
221	1678
670	561
144	2255
337	1067
371	362
42	2192
402	93
12	1517
1758	54
599	1164
734	543
218	732
1291	838
314	1780
799	2470
54	988
257	441
189	2572
802	554
78	3003
28	2297
757	1082
166	991
127	210
570	169
261	70
195	1422
690	558
292	38
130	1920
343	1882
682	871
1436	1112
1442	60
1556	365
1188	1921
112	1713
799	3241
455	3224
999	1104
540	599
252	2392
921	568
120	1053
807	1072
235	2244
114	1360
292	543
252	2632
908	2508
208	66
1449	59
842	4
252	2524
1055	835
794	403
1759	298
572	27
294	1639
1781	467
682	1915
410	2108
109	476
864	655
1175	235
1342	1713
415	117
0	833
142	491
122	1192
1360	1054
122	1582
22	123
218	288
1719	1147
252	1148
12	2662
1167	1457
812	2400
224	726
1245	41
197	1068
1487	2523
657	1439
52	267
1059	1594
1005	133
51	1722
238	2439
1473	1666
1189	612
547	431
97	1165
180	2783
267	1847
573	74
632	1042
120	2574
622	2454
210	4
244	816
203	2526
726	454
1493	1183
1047	331
122	3338
1502	1104
516	1070
811	1197
21	844
38	2558
1167	1536
1589	2341
215	1122
272	2073
480	3474
173	448
54	3568
1430	709
265	301
573	1663
690	727
158	1298
1111	3108
1299	517
516	1065
152	2040
167	315
1156	1359
892	1173
892	3105
218	269
221	2555
1912	1184
1018	1468
272	921
897	845
453	3220
263	3196
731	640
604	142
1258	320
1211	3021
960	2408
78	101
93	723
1249	2349
442	1757
534	132
204	1911
1783	3113
458	2946
309	217
811	3165
426	2262
136	1202
698	298
57	2509
933	2361
467	181
808	2585
436	270
264	3053
990	2744
1361	314
738	3252
85	3346
257	238
376	1065
298	653
1217	221
209	1888
932	797
73	1765
1813	615
252	485
109	2331
573	707
536	777
147	55
604	27
371	1241
1801	342
368	633
802	661
130	1791
1	2587
917	2247
218	1742
1713	1808
1729	230
403	87
365	1792
811	1827
257	977
1778	2674
457	1270
850	2431
558	2030
1866	2515
260	2723
235	2573
966	359
851	2402
142	3517
1294	1405
76	1179
20	662
371	1844
215	328
585	988
235	868
279	348
557	640
257	1765
177	793
1458	1522
392	488
1473	119
615	779
265	172
424	1849
1832	289
110	121
254	2329
1649	1305
75	476
573	782
1564	122
693	814
58	91
438	968
41	1425
248	1197
682	1111
1854	312
1456	287
1304	880
130	1912
53	2091
147	1136
122	2798
1073	2210
464	2452
812	478
1056	30
158	1256
158	491
373	3152
615	1589
1790	2385
383	311
1734	2277
82	376
573	1591
877	500
234	211
202	459
1420	1506
1323	577
909	3176
284	647
122	227
751	106
385	201
81	1240
1046	774
682	595
387	2211
682	511
1361	708
908	1225
24	443
1587	195
835	1004
65	2870
244	1695
847	2014
55	820
792	1471
82	3444
53	1678
715	362
314	625
1049	796
866	333
573	776
35	491
314	471
792	1236
811	432
391	842
314	3312
284	2083
469	1920
200	1121
8	1075
483	2312
799	1417
963	1688
160	919
54	1409
732	35
1877	1003
1794	2665
1383	3457
235	2369
48	521
38	2391
1873	3422
257	124
804	620
78	1483
747	982
263	263
1732	535
1780	163
437	88
235	1787
1211	573
1120	886
289	865
45	3003
418	2376
256	1264
679	1489
1441	1691
159	416
1302	810
142	2353
534	449
235	3154
1648	920
214	985
301	1405
221	1756
974	57
409	2285
1582	1089
573	2467
42	1235
232	57
65	3042
20	2665
1122	3171
272	3443
735	123
21	1003
393	664
68	1813
921	605
651	595
1655	2360
516	1967
1482	344
108	576
1125	1247
360	2355
469	821
1	1766
120	1775
991	1584
130	2180
215	648
1325	1402
632	1075
930	1388
218	724
272	1027
1027	1018
1879	1266
1133	574
1311	645
634	365
1004	898
244	554
90	428
964	914
322	1479
718	1171
573	883
483	1337
1761	1700
714	2520
198	708
208	1015
0	297
315	3534
878	2326
419	211
21	1344
516	988
109	3382
400	248
638	649
208	3059
1557	2181
383	431
560	1115
1581	1956
122	2691
368	2659
789	1081
1129	2591
792	557
129	181
334	2766
1527	78
473	982
1425	3308
908	827
1078	2024
786	268
859	596
810	526
330	1068
588	1115
573	2510
612	695
1070	925
1148	1716
164	3271
24	837
392	262
585	338
1312	431
1480	870
1447	2569
799	1776
497	864
218	100
130	672
100	449
202	113
789	69
256	905
1685	779
244	3361
155	515
483	968
867	1352
701	1533
1521	837
949	1660
1348	2715
372	2719
865	128
261	2987
1201	51
131	1691
843	899
122	93
230	1067
990	282
1154	649
1037	1713
474	1603
60	1878
21	69
455	1074
802	794
53	51
593	519
1499	81
215	1915
740	133
195	1002
371	2049
549	1158
6	746
1418	1347
20	1544
155	307
30	5
1884	1937
994	1032
438	2052
0	2292
231	552
34	410
921	3055
912	312
0	216
147	344
1310	727
257	197
20	228
713	664
343	589
1538	1109
420	2065
1725	2700
829	383
720	1147
130	2231
457	2087
130	217
37	524
8	1466
1641	453
865	410
471	230
157	359
1402	773
271	154
495	891
897	1713
366	2659
289	3410
1098	4
473	627
648	1572
573	1311
582	586
604	708
807	2357
359	909
248	2319
144	612
54	77
497	647
871	914
131	2640
566	2449
166	998
728	2452
122	1214
421	860
618	2761
20	1664
998	262
252	619
563	797
65	2977
866	1332
265	101
706	948
371	1584
792	679
444	194
622	246
692	3140
56	913
65	850
722	1504
684	62
265	611
113	1772
708	564
234	359
749	774
1044	2263
645	3172
252	1867
1206	105
1155	432
1187	793
1775	1732
1860	1979
573	194
1241	1545
21	2448
142	518
360	2233
1743	2148
11	1577
68	3429
194	201
573	1466
761	493
549	833
1677	956
825	647
19	209
484	67
1719	57
1087	126
784	1884
147	909
1726	2823
573	288
387	577
496	3019
477	2295
96	246
122	567
1770	948
1444	301
684	2537
20	635
414	3262
1433	421
65	853
182	2904
1638	467
122	3054
516	2251
371	940
1280	217
0	1246
895	488
1037	1660
21	988
1036	2406
549	783
716	460
1598	2125
132	706
368	725
1014	1500
350	833
663	1041
1796	1470
598	750
835	6
234	1592
371	1210
813	640
455	2514
304	2260
166	657
1061	240
20	1476
531	1360
835	3037
505	952
1517	1329
789	1121
330	579
573	1536
1092	63
152	2431
867	2678
343	314
200	126
931	664
20	643
472	1256
542	1849
438	287
127	2292
708	6
418	128
144	718
189	301
1429	526
906	746
458	1047
173	962
132	2532
209	298
404	685
257	523
799	871
915	51
516	474
341	546
1083	1011
165	1968
64	2547
892	346
1290	361
1576	121
70	2905
595	752
1913	191
1545	342
573	208
1412	1730
865	207
286	467
122	1334
682	2159
774	2309
1739	794
835	2473
400	1205
1518	677
267	784
1087	139
1516	188
122	3215
540	176
1619	3404
166	783
812	3078
1131	1514
150	1290
1006	1675
122	2125
618	328
221	2134
573	2678
864	193
1157	233
24	1922
158	1525
367	66
64	883
1398	2360
164	2636
1456	138
999	60
79	291
502	994
516	3170
708	96
20	3182
1644	84
1465	3124
392	593
1047	1459
42	930
1300	2546
20	1067
252	1630
1869	652
1865	568
1128	1671
187	1147
267	1426
253	1620
45	3393
371	3201
813	444
340	443
152	1419
1543	1674
688	1162
119	1467
301	207
265	657
1074	2556
1481	535
916	1749
21	1244
1103	1498
1473	287
21	485
1633	1130
207	291
811	463
1332	3019
1593	637
20	1680
279	486
908	200
1005	627
606	680
1392	1104
573	503
559	279
244	1660
1694	1102
1087	1223
180	2207
783	782
1452	1690
627	1428
314	838
1842	903
1925	2935
314	2286
126	1782
1	2390
418	1053
802	1799
1865	292
234	420
205	515
132	225
652	809
166	2258
1206	370
158	1833
1335	524
261	309
455	694
8	2681
830	727
1060	1262
418	2181
261	678
376	636
1525	2304
1295	3371
370	101
34	315
1001	1249
800	125
1478	540
203	431
825	1675
59	1159
146	1023
20	49
169	1309
21	1543
191	35
131	463
100	2804
1162	1292
949	3184
1544	685
406	179
453	1799
89	1716
573	1956
173	466
267	2035
316	543
108	2097
1154	4
1472	125
495	2419
418	51
516	522
1185	2363
759	4
542	617
41	758
330	1183
682	862
505	2306
862	257
495	1487
1457	865
122	556
142	567
1164	1143
1530	139
216	12
466	27
868	3548
835	168
204	543
1880	883
158	848
112	2639
1233	2980
1577	1576
114	590
471	1923
1021	2627
471	376
296	428
1212	2270
570	300
892	1949
477	1450
778	1524
892	833
63	852
455	2482
675	1134
44	197
261	2446
799	2438
286	116
620	125
1062	1715
816	905
54	431
234	348
257	987
1017	1561
20	2445
208	1637
1260	825
1052	948
974	1864
315	699
292	838
418	681
198	1844
777	1678
1342	639
371	50
732	1005
715	213
505	1490
41	3081
646	227
314	1712
390	1184
1396	1454
715	411
1651	488
96	2319
1593	282
216	680
309	2666
1383	1899
1019	1553
379	2370
53	854
44	1793
948	19
751	378
1272	298
459	1982
981	2123
945	1804
1802	3058
1203	1136
252	2593
252	164
663	1927
1293	87
455	3138
548	592
370	110
1751	981
235	834
21	334
21	3234
834	287
751	1858
132	2024
1742	1615
1918	444
609	2139
121	2832
151	1317
467	321
48	1806
666	1328
45	1860
1329	2062
618	1708
1833	89
206	57
314	1101
152	1871
50	1136
170	1028
235	2138
448	116
164	1126
1871	1713
1370	2629
221	98
187	33
246	2439
690	930
166	75
1080	1822
371	3060
20	569
1175	1311
582	1700
573	1535
688	1828
70	160
110	263
1441	1106
604	645
444	430
376	1947
9	1708
1567	851
599	3321
1304	1959
152	2961
469	1470
64	87
294	143
30	1
799	3576
845	1115
439	405
371	168
21	1648
252	317
1437	3276
350	391
1686	2452
835	1192
1240	444
549	974
1371	748
388	60
1596	1931
926	2735
1904	1037
1227	1648
1196	57
1765	233
921	1697
715	110
798	2642
896	2850
799	968
20	460
1639	2543
854	284
1775	2888
263	2688
1185	1958
813	1600
738	887
545	1451
687	1594
812	1485
974	346
376	1183
1590	97
144	569
912	3190
267	1086
157	1346
876	2439
193	2618
252	570
351	1617
459	272
247	1053
279	2163
78	1182
396	701
315	1397
214	769
19	488
244	2394
482	2108
181	1388
28	756
1821	793
252	2671
122	220
1127	3049
163	2060
455	2860
963	448
747	854
1607	1297
827	872
360	11
734	500
273	35
234	1211
204	3001
1901	1377
800	373
200	51
65	1130
835	101
259	4
493	6
254	3168
686	1928
1817	1502
516	3412
371	2546
453	1057
261	554
1121	2669
715	1771
1817	214
173	794
235	2988
858	76
468	2383
115	28
816	2292
681	3340
1790	362
617	2557
60	859
1403	2867
265	14
170	1583
1047	126
265	105
643	725
31	2355
1913	1306
235	294
1011	79
166	810
42	422
721	973
1097	110
302	2298
1139	216
920	1473
20	465
764	647
789	41
1698	773
235	357
144	1104
247	275
940	1694
1058	1884
248	1383
1352	1942
1747	320
1	2429
162	1416
1526	1526
215	337
993	32
1303	76
1262	875
166	5
267	38
1006	1463
20	1090
946	1722
990	276
496	2775
449	222
265	894
3	1108
573	378
244	2912
798	1756
1684	837
402	1370
1456	211
1213	295
215	2603
151	460
787	1760
814	871
1755	56
444	1662
591	2777
932	1419
115	3445
252	3535
333	1762
82	1708
1441	1489
235	330
166	126
429	101
147	825
346	314
976	1545
65	3158
60	2998
1656	34
653	2766
252	735
959	2363
234	3089
1849	760
100	486
203	767
508	243
1103	288
320	1703
714	1730
49	1227
350	779
272	1576
93	2344
517	1419
416	1400
1297	44
1140	1518
144	1805
21	2365
1828	1768
221	763
1627	5
389	1169
986	2711
1496	905
166	294
372	375
525	12
24	373
1166	495
158	3097
1673	471
1497	1589
761	2532
1554	2503
1078	2112
612	168
1567	273
1728	44
573	1455
100	838
248	2570
24	905
63	1388
1909	373
799	1874
122	201
844	206
1217	1314
1617	154
272	2143
100	374
751	362
948	1001
176	494
21	1868
1200	2719
573	1323
142	2913
177	808
38	653
76	2414
252	2931
28	2291
1553	403
1602	1920
1604	1062
1046	2879
1069	2967
1782	561
663	1067
357	134
244	1629
1436	2541
978	707
252	2426
874	333
1496	342
973	3055
455	1255
799	2091
1247	626
112	579
1809	2368
1336	1759
455	1269
1899	431
862	51
65	2606
936	555
1103	1004
200	1352
21	379
204	33
262	2056
447	336
420	607
371	922
1625	209
274	291
268	568
1018	3156
272	33
825	1702
471	1197
238	2314
668	2964
1406	396
65	93
1131	140
686	460
1464	1121
906	1004
252	2840
142	2223
238	1904
221	280
134	779
982	2322
1218	3297
932	1558
323	3129
112	1464
252	5
132	3041
1718	779
921	1680
8	2713
265	1534
599	1777
97	2827
35	915
252	509
28	2059
122	2638
747	428
280	2684
1026	633
1264	33
352	806
975	641
1652	1264
203	1526
740	2191
1915	2083
966	5
10	181
865	687
1757	200
1105	641
453	2091
50	431
858	780
1563	738
170	108
21	924
813	1250
234	748
890	1191
693	1141
1476	985
305	1555
122	230
806	2071
122	3094
516	2899
741	600
1300	1293
1003	211
120	3188
23	2027
990	333
65	2949
811	3159
103	647
1178	211
1018	1453
534	1424
1310	1304
1703	1869
194	1121
1045	4
159	2549
1380	53
412	757
1088	306
608	1116
75	492
837	125
1438	32
18	61
486	1777
252	869
1715	1841
1276	288
376	2961
862	94
485	1610
1096	464
420	44
573	51
682	99
839	262
1359	1392
715	601
834	2740
1175	441
453	1788
31	2029
39	1138
341	1306
65	172
1026	57
360	77
656	75
1189	1207
1784	298
9	1331
945	2084
1051	782
1503	2714
314	517
1451	1104
78	75
516	902
754	837
682	820
1702	1029
376	2723
216	245
21	799
727	116
508	1116
315	2386
455	152
1271	2438
89	110
1824	2423
9	926
623	662
1259	1239
1018	727
1572	513
1670	2031
1688	2158
586	2108
1119	344
496	2491
467	800
235	1506
458	1034
152	171
1524	1202
995	695
302	1988
430	50
145	606
666	2004
740	774
1153	1199
1317	304
556	1471
36	1844
1223	592
604	1968
1404	981
218	3521
300	695
98	60
48	373
1106	1106
915	1067
1860	2517
420	33
751	58
447	1898
858	1097
864	27
21	2207
1187	2440
812	1146
921	3481
263	2551
573	918
700	1298
0	1643
342	626
1665	711
71	140
259	166
468	1504
860	805
819	208
597	32
215	1116
120	2025
164	594
130	4
1578	1531
1888	1299
242	510
207	543
404	933
30	3299
248	2187
1415	1469
578	1837
132	1029
496	435
235	1217
799	1418
315	2668
210	457
167	490
858	1970
1200	87
1572	1430
586	500
1081	2863
789	1450
215	810
510	1847
202	297
588	610
892	294
516	1614
20	2783
1668	1519
993	237
21	1878
129	1492
142	3513
1580	2610
292	383
1070	629
16	403
234	606
252	1579
1431	262
1129	41
1201	33
1217	1729
130	666
98	32
313	1100
1387	1583
1196	189
376	65
51	816
144	1122
806	1471
808	450
1	899
20	1676
1566	1796
573	201
1681	1418
263	1779
314	1831
1691	1605
1878	597
1907	1595
469	342
314	472
616	796
895	727
1275	1757
444	2632
168	3017
252	3239
54	1029
749	2402
366	949
708	1914
1441	206
1079	1750
21	2838
1210	645
1	1223
1382	281
256	958
668	238
1674	2948
1796	1134
1175	267
314	996
1371	2933
142	3565
1259	2020
1326	44
897	303
1737	1640
862	777
1020	956
84	746
148	975
252	1433
267	1005
496	1093
1061	1258
620	486
376	1032
271	2428
20	320
525	2458
261	936
1136	222
1456	2921
267	2501
386	2983
764	1757
1289	2471
239	776
292	802
235	3026
664	2335
267	1119
832	2193
1114	288
372	280
963	2011
1700	2403
142	1723
21	2343
35	3199
776	79
1792	1153
1547	90
252	1640
715	200
533	1076
202	2294
586	2724
1046	1423
1281	276
685	101
942	2358
1354	1714
1108	165
1020	220
301	1766
166	387
516	1674
508	1608
24	2006
1450	748
902	1398
368	471
1554	2968
208	3339
1115	431
570	356
54	3184
1141	113
122	1388
416	83
130	2393
818	680
642	2483
1540	431
206	307
406	1528
1690	298
164	1082
149	938
1242	1146
465	271
234	1664
31	71
1353	381
741	1662
204	920
936	3051
1305	1869
259	3365
1383	1845
1033	489
96	2596
1116	1545
781	2359
573	2156
516	2368
462	629
1318	1916
1595	1736
20	491
943	324
1553	401
215	788
64	43
280	2065
261	3362
1171	361
466	1297
343	2934
899	543
324	1045
815	49
775	710
605	301
179	853
699	536
826	1061
220	132
648	1252
412	3175
166	239
19	517
1064	2508
9	563
454	618
467	1610
582	864
573	210
712	852
21	2336
142	650
93	1417
233	2578
166	258
1175	820
1177	418
990	2917
19	1515
617	2568
807	1219
1131	1583
1094	673
445	748
706	1298
152	1398
383	383
1039	1470
240	664
41	1506
1473	3478
858	291
1206	3447
101	1345
244	1626
1630	900
448	1121
789	298
69	2050
65	2048
1150	1024
504	1006
573	2243
1103	328
1354	655
599	2584
1477	2597
316	141
361	2161
20	786
609	481
1051	2767
259	664
684	2922
616	303
1089	2659
620	365
314	1448
145	2305
570	1738
330	845
599	629
103	1217
655	444
510	1373
551	122
86	57
25	615
564	1708
1811	626
599	154
515	347
237	831
165	2411
964	1710
941	32
778	2106
990	1742
776	2337
1267	35
152	1323
45	947
1096	3230
1561	1183
1830	44
612	123
796	3064
467	1314
1019	168
933	3428
122	1135
9	1295
53	664
1474	481
660	2457
418	1448
426	204
371	1767
122	485
1507	1649
542	75
564	4
413	1610
202	3477
519	1831
248	894
329	781
152	285
1615	151
424	102
980	1608
230	153
142	1568
1660	460
990	464
1164	1161
32	2560
221	3
200	57
1137	33
604	2635
612	2595
892	505
616	1841
376	794
958	577
257	2082
72	933
1547	845
587	60
24	329
992	2533
375	87
573	2078
198	438
1720	2811
710	664
999	66
1764	1863
1107	1792
54	675
371	1229
793	2634
1115	1787
708	1091
248	2521
122	1232
954	1169
158	43
20	1220
1460	1130
144	1221
1231	376
19	2567
957	639
1142	673
1423	891
357	2706
441	689
406	766
505	460
622	1412
1115	1398
252	330
189	394
738	2234
787	1756
54	2468
122	3023
323	1889
132	2176
22	12
1439	1476
1239	1357
312	1058
376	699
1377	2452
1427	875
1220	1098
216	2508
252	1262
533	200
715	1847
706	1773
1217	1733
865	900
503	735
1634	2730
453	1958
204	2649
1473	57
789	784
12	974
1578	1130
252	2010
265	388
682	1085
1831	2008
24	2779
1753	576
314	1067
8	953
1904	653
1374	1660
608	2664
38	25
252	595
1215	3046
34	2220
1157	2709
620	768
20	308
672	1606
206	3465
246	1529
244	1185
675	2056
371	508
792	775
1472	1417
807	2365
24	450
926	2433
69	1921
703	773
263	1404
490	3290
162	2334
64	2809
152	2867
800	2713
599	1054
319	471
257	1156
142	1058
892	2255
812	3043
328	1786
595	1506
723	1951
1061	315
200	2180
142	2104
1557	359
257	1038
371	377
471	428
261	453
1439	2060
542	541
104	305
221	2337
461	1822
1129	288
682	57
255	344
59	1103
784	3341
145	110
516	1381
78	499
1685	1802
1468	773
1384	1279
315	2447
189	1526
215	308
1707	478
233	135
516	459
406	2718
747	1589
221	1307
426	697
1638	615
876	3144
1322	2250
529	27
380	673
548	255
803	1239
916	1085
210	6
1678	1081
1033	1049
1066	125
322	373
8	865
454	3260
292	424
317	167
96	2338
556	448
835	555
236	1700
469	1675
158	1099
406	1743
24	3259
746	108
24	2523
684	267
142	437
166	334
252	213
30	356
516	2116
135	1569
418	1386
282	1518
1115	204
218	3419
455	2682
314	785
387	1112
1823	1849
3	968
588	865
198	478
268	449
888	1983
122	1744
21	1217
740	2359
157	79
1486	33
1492	2107
1857	667
672	1053
248	775
583	689
145	542
371	2270
152	2074
63	1235
396	633
109	50
1206	1158
109	471
1678	3261
267	1809
27	140
252	1877
267	1897
8	39
1046	393
758	812
8	185
1340	1128
1324	939
371	2174
179	598
691	1814
179	515
1750	291
1505	2805
929	478
82	2785
582	605
267	3072
1322	15
945	2383
441	854
528	454
194	1113
163	2462
799	2807
715	775
330	2663
1556	422
160	3294
1052	591
44	1182
959	870
235	198
296	2454
1575	370
260	2315
316	168
1181	245
521	3313
711	1541
362	318
1650	865
8	501
321	1298
371	1916
289	660
799	1929
112	146
11	651
204	110
51	845
1123	24
1776	2281
1414	1617
130	1396
758	276
599	1086
751	628
1690	494
1093	1827
573	657
1140	1460
3	664
521	37
1490	610
721	120
726	941
663	2052
337	101
63	2602
251	2402
201	558
751	488
248	2476
279	1366
122	388
516	3002
267	273
699	1581
104	344
1179	387
952	162
1408	153
533	666
833	1895
1022	1634
50	32
1058	647
1240	2201
873	710
374	447
426	2759
105	301
0	1419
443	2464
221	1708
1272	3148
155	804
754	1964
144	2854
704	964
458	7
349	3099
560	1976
667	481
112	2368
100	3143
672	488
263	3507
89	201
218	2218
1620	361
645	2085
1617	13
1758	876
549	428
663	166
303	266
722	609
34	3484
1525	435
1901	478
453	1856
789	1134
453	1754
956	2508
426	305
215	128
708	244
1730	380
29	1304
1005	940
1006	1841
476	101
21	2779
467	2846
656	2179
225	660
122	901
204	969
579	1170
906	1937
747	941
63	1845
727	1573
218	1014
360	3514
1011	897
267	2750
1411	744
471	33
383	992
420	257
198	28
235	108
471	1101
365	960
990	27
384	2231
1819	7
772	3539
1405	403
115	2360
112	2862
1085	536
590	905
516	2407
1071	999
306	673
455	625
985	527
453	2635
923	2619
447	444
30	621
147	115
316	1146
64	1893
20	2488
525	359
360	1074
262	833
12	3005
20	213
862	299
866	1208
443	3420
267	504
1822	1484
1303	294
1354	123
1868	1520
142	2385
267	253
1644	2715
482	344
1408	641
800	2419
258	44
1690	3148
304	673
862	1505
261	1074
234	201
305	777
930	1816
855	4
215	536
233	59
586	1967
122	1222
63	250
1868	2939
751	3134
221	1371
197	395
67	1803
63	1493
455	1488
508	904
1503	1471
690	2057
1101	990
365	48
435	298
924	276
371	1221
980	271
314	2360
11	388
404	201
0	504
314	2619
132	790
603	4
184	122
905	458
18	211
63	807
246	346
122	866
122	398
520	1796
130	2042
227	1828
1441	985
21	387
63	600
573	2286
1415	1697
365	334
144	2188
1245	1166
67	915
1031	211
371	1140
1745	1258
611	1619
244	2127
267	288
59	1274
935	818
49	515
20	51
342	833
1901	79
1622	615
279	2149
710	134
1293	552
519	1855
684	845
304	561
267	2988
244	1422
416	1975
1912	1312
198	1060
250	1005
167	2962
1241	3527
689	2955
444	1789
218	2774
1224	1329
378	1361
122	2342
782	33
717	2792
475	639
248	2374
453	75
252	441
740	2212
649	668
1862	1292
1372	288
835	0
522	1821
292	752
1497	1250
167	2262
1380	1681
1140	1680
34	126
60	3045
602	1166
314	1587
248	2139
457	2055
800	1439
22	1536
1287	586
1163	1440
410	3114
908	2319
444	1748
218	156
132	2082
694	1348
426	3433
516	1492
921	101
736	318
1024	52
1107	708
540	67
1770	2302
166	2426
67	1848
404	910
1743	1804
48	2203
1566	2054
160	33
267	2720
921	2034
1224	1718
48	478
1087	1301
130	367
889	2275
1277	55
701	2797
207	452
1496	44
1225	368
204	66
100	3540
572	3038
1085	2296
572	1043
21	2221
643	1106
122	36
573	1704
1122	535
244	507
966	1022
1190	2897
1244	1132
663	2
371	1837
1148	1282
167	1437
142	844
371	155
693	974
432	484
20	13
1331	710
1673	57
1558	2131
1245	211
1219	2749
85	2397
1214	523
958	1775
659	1840
815	460
792	3314
252	1773
921	259
47	471
516	2784
310	891
1409	2033
142	3075
1272	372
1164	1067
553	298
1891	1255
47	629
1786	1255
573	1900
357	1211
235	1750
491	2045
142	2929
294	1543
130	2116
122	1351
584	1435
257	1546
683	1114
1375	288
252	531
314	455
218	643
265	1873
95	2219
573	3096
1474	2499
314	1896
1116	1513
265	1606
305	519
391	2311
323	1478
589	985
368	65
8	2717
1557	677
122	771
1182	797
717	975
496	695
1510	2475
1168	2438
1559	458
289	548
477	1222
444	546
525	2110
63	3266
279	76
708	201
1232	2497
832	3321
20	1684
457	2210
314	1673
350	712
408	1077
1313	11
573	1596
142	691
454	617
1445	1374
507	2096
8	2735
1522	905
1500	1738
350	523
793	2791
1412	712
65	1235
715	1045
921	560
606	132
244	2852
914	1056
1636	30
1441	444
1470	310
1668	1243
465	1680
92	1172
214	900
179	950
374	541
1769	101
132	1877
1438	4
376	57
1030	1909
14	1574
799	619
732	820
945	679
444	468
761	1531
405	359
206	764
573	1050
1249	1816
660	962
1859	1609
1867	2785
144	297
1269	1304
1874	1324
865	344
434	214
836	1681
252	2719
1706	1863
846	1990
122	1435
252	2887
966	342
1297	311
21	627
93	1008
408	2501
471	359
1584	1594
792	808
21	407
1672	837
1819	329
467	2743
1131	1934
278	849
63	96
1301	3423
573	619
477	3085
144	197
268	1195
1176	1517
1245	324
503	1216
1495	1981
233	647
260	1321
52	3130
202	2861
282	322
152	1325
693	466
1527	735
261	1283
333	1045
93	871
161	906
599	28
1169	615
1009	1958
1063	2889
1687	344
1283	3552
252	3350
371	865
626	245
103	3318
1548	75
28	493
20	2596
201	2120
1918	2980
1016	433
1281	1195
1818	846
1760	1292
1312	1104
1625	39
674	1099
259	819
449	1395
292	827
1019	579
1302	2101
606	1804
1027	246
444	2675
631	1980
130	1102
1109	1447
653	1771
319	369
1417	3101
1250	640
29	346
380	211
1	1518
1514	2127
223	905
881	2658
12	846
309	305
1561	580
612	342
214	302
1155	1599
294	827
123	794
248	471
9	362
1556	93
1667	2131
334	2579
892	929
732	1914
477	702
185	510
452	639
90	161
614	88
200	2915
747	2014
1356	684
1861	2105
1568	1116
265	2400
565	328
1210	1870
109	87
477	3438
1699	1456
34	200
41	90
41	1457
24	2304
898	2509
835	2042
1690	1115
822	1271
20	2200
252	884
371	365
1019	379
244	3205
1495	702
63	1082
1268	33
470	1128
927	1760
1555	939
1227	192
928	298
234	2427
575	3060
1835	2318
21	91
1751	1121
141	344
122	538
896	121
112	595
97	2897
455	387
432	2817
604	211
455	3028
1876	495
23	66
799	1014
1068	777
1551	339
892	295
899	246
418	1107
708	702
418	437
279	3316
338	1787
252	1814
936	3175
48	1575
757	2047
573	996
853	2114
789	1388
122	2183
109	2184
20	1514
1397	490
229	3357
410	1141
1079	1074
899	862
122	2263
109	1640
52	2378
921	1148
1217	288
1310	1749
913	211
430	2310
115	1789
265	214
582	142
1569	242
60	1538
740	154
108	1661
1668	328
1294	3069
244	1701
21	1488
261	2862
835	1138
414	894
74	3203
262	3064
572	2541
508	1284
1594	1116
164	326
204	1366
265	2210
152	222
877	481
737	132
845	344
784	1256
21	2554
160	600
453	2182
1487	350
8	295
892	2874
330	1781
1724	3363
583	1054
1781	974
677	2137
1068	2176
234	309
443	825
895	332
720	2419
63	214
1855	2851
582	411
328	1116
1546	1413
789	1705
138	123
386	1952
109	604
201	1509
20	603
166	372
48	2665
122	2828
549	1211
1610	1394
235	975
1481	1484
1070	1753
70	1620
203	480
664	3116
812	731
1202	2758
1386	2335
156	723
81	707
1067	329
152	1436
311	1610
650	1247
890	1151
1237	32
209	1538
684	3403
65	2210
315	1563
1790	130
204	1814
279	1487
1666	1918
267	1123
899	710
366	709
1511	1142
397	2354
322	2419
655	1182
1286	1094
271	1631
444	531
1508	3169
716	217
1373	101
1536	1553
94	714
1594	1121
248	279
8	3470
275	1732
653	529
1614	1104
537	19
792	2333
1308	940
575	1025
1631	663
309	383
849	1428
1717	2582
572	2763
1471	2500
991	660
975	633
1006	3283
132	1388
267	3005
313	804
862	652
879	22
612	1309
813	2655
252	1536
130	2041
1231	981
976	291
1236	1054
14	5
1103	1729
376	481
132	1166
545	845
31	721
387	1459
201	2202
818	3551
304	379
315	1438
182	2379
9	1356
595	712
865	64
21	1443
952	2286
740	2116
1290	200
685	3086
1909	457
76	748
69	1022
228	543
237	362
63	1368
109	68
221	3450
167	305
1052	1359
120	1897
1432	3359
42	773
1211	11
218	317
100	1273
990	2204
244	547
337	3235
371	2797
1841	386
921	1018
800	3205
20	1954
889	72
835	759
1695	607
210	467
799	304
122	1811
444	57
1557	1417
234	1449
608	1098
35	97
279	947
545	1036
585	1542
406	1949
252	840
496	1269
248	1660
8	378
392	75
617	33
160	2361
8	504
112	796
142	1309
122	1988
990	1116
275	265
516	1667
474	1134
21	2910
956	1589
450	3519
61	2900
218	111
786	526
319	274
421	671
1611	593
1806	2122
740	1388
1013	859
272	752
164	909
455	488
508	2986
444	1311
59	1644
1103	1232
244	2210
1497	389
315	3462
124	2392
1637	1414
1490	743
955	361
610	44
28	325
265	2963
117	562
708	1245
1886	1328
77	332
1378	1852
467	783
699	1255
599	2302
198	1227
982	159
1747	4
1154	1749
216	2506
496	2023
1608	48
1576	227
1	413
740	2371
1559	2301
812	672
674	297
34	273
1281	342
152	2703
612	797
529	2555
453	3408
63	519
78	3233
1460	1390
122	2873
428	201
1599	1115
700	1205
65	861
1516	394
1473	3283
1788	494
1040	1589
494	1936
777	1308
1103	1680
411	1390
574	1660
783	2335
104	1754
234	249
816	2568
420	320
235	3052
718	2913
599	1119
142	580
68	547
20	1506
1091	1130
605	3010
347	2235
100	1975
951	1106
1477	2452
208	2775
1710	2621
1515	125
1718	2236
1206	2792
1243	230
148	944
342	973
1843	3467
132	2663
108	444
879	894
376	781
218	129
374	1358
1768	1427
1529	1210
1397	1599
252	2988
625	187
899	3380
791	704
93	2595
328	1121
1132	1516
152	2073
493	267
90	709
588	708
1075	229
340	359
56	749
534	1026
371	562
1547	2199
1234	211
1542	2833
1482	486
906	35
1227	423
110	201
682	69
1056	1277
453	1090
620	4
782	1251
179	332
8	641
792	981
987	701
371	1790
799	178
1557	1148
573	736
1021	84
693	2602
372	785
103	481
252	1993
214	1421
265	158
916	4
1753	2032
978	7
1728	2108
396	2211
51	818
92	1679
1582	1311
120	2037
50	865
1247	19
516	776
324	863
21	2061
1499	865
1011	2092
757	1274
515	1054
945	50
1367	394
252	280
812	3480
122	864
612	380
470	328
927	1071
132	40
296	1408
604	2705
936	2906
535	1613
1795	457
380	1920
399	1257
338	665
474	797
97	2855
438	1652
598	1066
252	1396
1348	3417
573	1140
1729	123
801	482
1739	1147
1454	1250
1738	481
1286	245
122	2456
142	3321
1612	773
531	1526
1418	1017
34	2461
1253	244
604	666
1011	1404
572	2045
663	4
1856	1199
214	177
163	110
663	488
9	1644
54	1183
458	1027
636	735
1231	1934
205	1447
252	3462
752	570
122	3024
418	820
137	3262
1244	444
1045	1166
1900	664
444	991
102	663
1875	276
799	795
272	3430
752	444
1797	59
602	7
244	1355
355	93
562	3256
289	7
7	386
851	981
751	108
684	156
1701	275
65	257
46	200
208	918
82	3560
1574	1451
54	934
1858	904
862	93
189	626
663	1536
194	37
885	934
1651	933
206	221
206	606
1193	1121
1761	874
24	2616
516	2219
1387	1452
471	1365
254	1471
371	703
265	2062
966	44
1922	1393
158	2537
338	1829
1171	190
121	390
1571	1165
563	491
647	376
455	2437
48	662
1159	564
65	1248
1760	865
127	791
720	1119
840	2801
1128	2812
535	1707
1052	1017
49	1780
433	2253
252	3328
122	1841
792	2010
895	1775
458	562
1191	200
1519	305
101	443
1383	493
397	1405
289	1671
373	502
1438	664
51	1386
1	330
218	2129
92	1890
864	3141
248	151
1395	454
748	1296
1085	1199
24	1199
423	1145
1502	262
650	797
455	249
1103	595
288	2865
846	654
265	1321
516	1206
1704	519
112	280
1927	1342
1923	579
708	444
65	3554
1011	216
1115	777
238	309
453	305
1052	207
418	2673
238	1435
599	1227
109	2490
215	417
812	668
261	684
252	1723
202	2685
371	213
683	613
649	56
1364	1054
718	83
596	835
265	1388
1520	876
257	2592
1384	1867
198	1214
573	1453
585	1590
572	546
903	1121
239	57
261	1486
291	33
792	1843
133	128
1403	940
1101	154
604	2621
387	1967
1112	981
720	256
1777	2649
697	1346
3	1691
798	1006
235	1052
477	2212
215	2398
1103	287
168	866
1263	196
1332	46
251	2164
507	630
667	111
1090	488
1099	11
455	481
913	201
908	1723
407	1176
111	1598
1293	467
1354	449
144	1897
142	1512
132	371
858	791
453	833
471	2595
371	1213
813	1133
576	1326
48	903
858	1457
20	3523
1239	136
455	1613
20	1094
167	289
54	522
474	626
207	298
1151	201
9	320
42	1123
536	680
1058	1256
122	2736
505	2525
44	428
321	836
724	1757
1088	1955
152	1010
653	2947
252	108
541	79
142	603
278	1551
1647	345
3	632
166	2948
1093	57
862	2355
1310	4
438	169
727	1319
751	3528
1715	60
142	3415
1459	115
518	7
792	752
336	35
122	3492
261	712
426	441
573	1435
147	403
858	3306
289	561
142	338
573	1999
1731	123
122	1677
676	1380
1131	183
718	1917
1334	467
923	595
594	488
855	2145
467	3496
59	2066
164	963
1596	1359
875	141
774	298
263	998
985	541
572	369
1337	8
122	1318
1872	2545
1212	211
37	3450
599	288
144	1374
485	615
1475	2009
279	2925
643	95
802	56
240	581
11	2549
684	552
1348	1815
1074	415
561	1006
530	84
122	1517
606	213
248	356
1828	2241
305	2250
261	3216
672	2169
799	2299
257	889
799	1597
737	362
218	1218
252	1580
453	2019
244	2603
252	1571
356	2635
1024	800
365	1991
243	2831
122	1648
171	1995
760	2044
888	795
371	172
675	909
252	1629
1540	806
892	2723
1400	1749
919	1741
688	1344
1285	2400
313	2147
653	3265
1187	1850
241	185
259	933
1050	23
684	3062
100	1116
398	431
1354	1717
114	2439
1603	832
813	657
554	2625
799	805
1129	1146
1278	1593
765	338
1488	1589
70	82
1210	1364
1289	565
892	928
120	2840
471	1227
244	51
815	2568
1217	820
465	318
63	2274
279	1018
621	2831
169	2035
244	382
1757	1562
252	78
122	373
915	1147
568	2319
1926	2085
849	1207
23	1359
215	2082
964	1018
1450	1589
100	2372
326	881
505	90
880	444
264	49
248	259
921	1716
65	1055
1415	1221
1600	2985
800	362
262	2297
458	383
519	51
1006	428
365	2570
198	471
1045	641
902	1171
132	134
109	3261
496	823
1820	211
82	1717
567	453
206	3344
596	1085
916	418
89	1936
1114	536
663	380
1727	388
1210	1121
348	35
1165	612
279	280
227	804
838	620
8	5
602	129
942	2539
216	1300
16	2355
1743	8
115	1706
65	3324
442	1089
726	3508
265	166
267	1061
1811	57
31	958
1785	717
19	810
761	1770
629	466
1788	1702
383	557
1006	149
418	2891
20	657
458	845
43	2010
1419	1250
1797	1883
166	902
469	2127
275	1857
20	1431
140	652
985	345
73	1215
303	2878
388	2549
530	872
131	73
82	966
1701	2211
604	83
108	799
21	1215
261	2316
7	627
540	1288
573	1645
1914	1117
1637	32
1330	843
292	2036
1573	57
1203	2424
82	2015
568	1318
1376	1629
142	270
1175	217
45	2849
1274	200
318	1450
9	541
30	93
670	486
986	967
235	3512
1609	200
804	890
33	153
1322	4
1712	627
235	126
1252	1139
432	1275
885	1122
20	108
1383	1090
234	1007
1634	2459
527	275
643	2203
687	482
157	2523
1812	530
1	972
643	57
130	1406
132	2653
1046	322
1533	101
18	794
176	482
122	1568
11	1894
1454	2124
633	772
1549	2187
976	985
175	902
103	1666
1433	1775
210	3321
776	750
1079	123
368	1108
525	1037
350	1649
289	284
371	209
218	2456
558	276
24	2773
769	2452
1052	88
263	3063
1069	1506
142	134
102	90
1418	2043
122	2947
1473	2544
177	3176
604	632
831	804
432	1344
799	584
450	33
990	3505
719	2144
799	172
706	818
573	3270
719	647
177	622
9	308
444	11
366	1147
109	1220
804	1388
1333	1297
521	2687
130	126
402	748
1300	1292
830	2113
715	612
1	306
1919	2699
1615	1539
35	2742
519	327
245	991
218	1897
637	1333
612	707
396	1792
739	1476
1340	811
548	33
298	654
1163	1118
1911	2028
790	3366
330	3461
453	2058
37	2373
87	2102
11	933
1137	101
1136	738
1903	3308
316	2201
1228	2010
267	97
1343	223
103	949
252	1566
1515	723
215	2416
792	916
589	2141
142	3150
441	2109
372	1845
1201	216
160	445
292	747
323	1585
368	56
21	2741
400	2142
384	2604
573	13
1410	1551
819	2280
215	625
398	265
54	1032
75	870
1537	44
358	2008
466	449
20	918
20	1286
447	386
760	1972
244	2595
351	1829
1096	1526
449	1493
41	2615
418	2212
79	153
145	907
126	647
122	859
21	2471
1521	394
1812	710
92	77
65	2612
1450	1100
481	97
1684	168
866	79
1164	757
59	1318
1170	55
1451	66
528	13
73	357
9	33
1367	936
122	2147
96	3090
846	712
198	935
1590	3463
799	2330
706	1104
16	2104
922	599
139	972
900	153
516	387
267	1890
203	33
416	702
1398	1264
252	258
13	2635
179	194
376	1459
145	2215
789	361
1292	827
1746	1003
979	626
1478	664
607	2907
216	727
573	1129
647	543
292	2536
525	2802
28	64
1268	84
740	1806
528	2669
1732	3394
344	2990
1085	101
794	265
166	626
572	66
660	1317
617	306
540	100
1782	389
1047	1405
185	1639
573	3398
122	2496
1196	872
965	880
1707	615
740	1750
302	959
502	211
168	2069
1452	549
762	543
1129	323
257	1994
1019	157
204	211
334	888
1755	326
585	2213
1658	430
807	567
654	8
630	1230
21	1693
1239	344
897	881
244	2300
34	1189
789	497
8	3016
1407	1127
1885	540
861	3006
371	233
280	2726
1006	1149
1052	1149
1866	22
1385	2647
1847	2628
48	523
1210	111
637	1150
472	2918
905	785
159	1157
96	1344
1627	211
1018	491
799	1331
348	1312
8	1749
908	972
421	3136
1727	656
252	642
453	2495
218	2160
1614	912
649	1752
1222	896
1192	2653
644	1100
203	1536
413	7
1368	39
1649	1298
1368	2701
21	271
982	1180
337	75
915	773
536	6
802	1303
24	1309
1034	1606
835	170
252	747
1469	2797
206	986
830	925
908	43
775	1390
130	1323
252	778
1763	444
69	3132
477	536
1408	4
1171	1518
1155	329
122	3133
772	1889
733	948
1750	344
1089	3330
585	1718
1671	1997
235	1921
1068	481
1471	2087
252	1024
1600	2930
751	810
109	2883
376	11
505	7
1909	865
1546	50
152	2757
73	2161
509	543
1780	3178
432	1540
1270	299
866	1460
840	961
711	192
31	208
261	1497
289	1852
1825	2747
1830	900
888	121
225	110
565	454
823	481
206	1195
848	837
445	1124
534	211
158	1073
1372	1089
495	1474
3	2789
251	812
602	564
1125	1084
1092	88
1337	1601
231	1576
221	145
1547	289
64	1256
834	1749
261	1380
1915	1669
1388	324
1093	187
114	1798
835	15
252	2287
908	1764
604	862
926	1400
687	60
979	295
1070	891
603	2603
886	317
1619	560
1099	657
576	158
1814	202
815	660
814	444
979	1585
269	2458
482	1067
314	1794
337	1509
418	452
720	3441
252	3409
788	2705
573	138
1070	828
1087	304
327	2157
212	1277
1486	305
215	3161
1460	291
803	684
557	976
257	1450
1436	24
1890	1021
505	307
122	75
862	488
314	26
1511	1887
1133	473
229	1800
9	1687
244	649
234	1155
1476	287
934	16
78	2340
471	135
494	905
260	2278
20	1018
402	21
799	252
769	1828
715	1305
9	2459
267	390
1765	1104
970	1839
751	2847
475	449
198	537
209	116
96	840
261	1101
252	508
445	1776
926	326
1863	201
149	3437
812	2929
1727	57
218	3244
244	2044
1026	1461
1264	500
371	680
221	210
221	103
114	1891
1685	1120
573	78
817	1585
8	2411
54	132
247	88
313	48
432	1746
248	1450
163	362
908	786
916	1111
68	1147
248	82
199	664
244	901
813	1521
1441	1792
216	1571
1370	2958
1398	526
800	263
257	333
130	1905
267	1112
799	606
20	597
31	1726
516	441
1145	664
338	983
218	1337
835	501
882	2595
812	970
252	3285
824	262
740	1423
1006	344
1848	232
1441	2504
1419	606
1926	2159
644	448
122	1155
1281	3482
215	3331
917	615
411	279
1585	481
48	361
82	2793
849	2829
1190	523
259	1616
5	1818
448	44
379	2047
21	1039
1785	1526
80	574
1467	502
198	1673
272	98
67	1752
1010	2744
1770	3099
1105	267
840	1636
122	3083
267	277
1132	1537
372	3468
1256	974
244	2562
1876	916
1219	564
935	2919
776	1271
289	1711
130	1499
1531	653
257	2593
942	56
166	614
204	1742
167	1066
23	660
1036	110
457	3211
1011	1927
646	2775
1851	1713
1853	1063
1711	1608
261	800
213	279
268	606
35	1618
530	1749
65	372
1428	1256
260	2889
1061	811
1642	1814
1315	447
76	301
0	1148
522	80
1547	543
721	1798
355	675
252	1264
122	1984
89	1730
1196	476
191	2395
294	207
1188	1431
1036	201
252	166
1492	140
252	3251
899	480
990	1211
451	435
376	27
1515	444
1463	684
708	741
544	90
65	657
1005	428
63	359
569	2817
916	324
1568	891
252	810
1497	221
612	871
1006	33
457	1818
1905	925
799	900
49	3207
47	35
1453	2956
1308	187
20	836
190	528
1025	39
1296	1213
799	561
21	1266
306	15
1592	791
1383	567
756	260
1415	1034
244	219
856	1646
1000	1651
747	565
525	3422
1006	1095
559	2962
132	2036
221	2308
261	142
372	1132
1887	77
45	1974
936	324
785	1873
142	1431
1468	519
1424	581
252	360
157	1050
72	1641
21	477
115	56
500	279
130	2435
89	811
1705	153
121	1078
572	294
157	4
552	325
1186	68
1146	1496
152	3390
248	3425
234	1006
152	3104
479	1610
221	1462
730	2872
516	620
908	1161
469	1176
64	1816
87	1114
663	491
1779	837
248	1112
769	126
267	2965
455	1901
358	6
1288	2670
159	843
699	246
408	680
122	1727
55	362
862	1237
234	777
953	1930
267	2382
991	309
221	363
1716	634
216	1955
773	449
1171	996
91	3025
1391	123
976	97
1103	1518
1428	362
755	454
261	151
267	3556
1749	1446
379	724
273	2214
125	201
103	359
297	2670
690	383
1585	194
122	2055
221	1926
576	1142
444	617
415	2940
1037	124
1409	2996
70	1385
161	828
568	272
358	3498
274	708
1008	2708
336	1803
383	1025
248	2238
85	1217
410	4
738	299
969	2400
485	188
335	3162
65	1630
168	400
54	3207
756	541
176	101
216	837
408	345
20	1215
1615	865
525	173
499	2396
8	606
619	24
1061	446
333	659
1332	3293
649	1941
20	2946
12	2383
798	164
1310	1618
350	850
72	2442
1347	4
877	1045
585	1908
281	201
142	2004
635	644
1065	3180
414	2979
1479	107
576	695
1005	26
1400	123
208	1287
9	1613
337	1297
1332	1175
720	1394
398	1119
455	3310
1773	1011
206	331
1598	351
682	245
244	2101
730	2202
936	804
456	1241
132	2640
6	2227
573	1865
672	1161
604	463
115	2505
784	1440
387	3321
0	342
1764	2344
369	2276
708	2723
3	1359
130	2886
921	737
1071	907
1018	1273
328	288
1653	1082
733	1121
93	1990
1099	1719
1103	1278
88	48
372	1746
399	3025
1114	702
516	2488
64	972
319	3252
1096	632
263	2131
176	174
179	774
164	116
387	435
1390	2093
410	26
122	662
20	1466
275	320
662	1495
591	153
102	1860
799	894
796	267
265	216
252	2190
776	1803
438	4
0	471
1390	2995
1127	3044
571	2077
1115	210
725	1112
1740	3067
620	1758
1577	577
311	1069
938	2357
132	1398
453	882
273	110
254	3373
221	1689
218	491
59	526
660	1400
542	900
8	1700
938	39
534	1625
846	296
1297	276
1541	3575
8	3458
202	1779
1309	146
122	292
691	1958
130	474
466	1746
255	131
292	2297
21	3443
265	2849
63	409
789	1421
1222	2782
275	1897
110	1713
514	1199
53	1235
857	1312
396	1329
241	633
721	928
0	365
899	712
1364	2115
1220	743
1085	476
1282	226
233	448
225	1120
1815	3223
800	1730
663	2597
235	895
1606	3502
962	2213
237	2038
144	2701
703	2900
1902	1355
52	2465
573	2296
1193	773
738	2901
1175	536
573	2377
21	2692
244	758
54	1170
102	2738
799	2436
1388	1258
20	3381
252	252
147	2625
684	1497
409	113
1502	1168
604	284
99	702
221	1080
750	4
573	3195
20	1337
429	35
1436	1199
822	2148
252	2868
1310	1298
198	995
751	1280
1115	1313
234	1647
102	1272
436	344
252	1973
603	488
54	1620
1132	2698
21	414
792	1300
585	279
221	478
799	464
444	5
455	397
92	679
1096	1513
21	1778
121	1312
118	24
350	1497
221	984
1776	396
408	1905
219	2713
235	124
835	1183
1561	328
573	2288
699	1618
1856	110
1652	1970
244	1672
144	592
326	840
21	1651
1300	993
31	926
1708	1108
786	2673
938	347
244	1506
549	3065
369	342
252	3567
1520	4
401	2003
358	121
1239	1846
1047	3231
453	1414
696	664
1626	706
455	718
249	428
1236	1321
583	882
252	1464
49	2245
693	2300
862	2580
835	2089
674	605
41	2367
296	2231
444	211
374	48
548	596
540	1104
418	2872
20	646
1239	485
292	3516
115	1854
516	1747
573	3013
1218	583
267	361
102	3073
166	967
31	2056
136	197
1682	2130
690	2206
142	2411
52	1925
142	2259
1272	1358
289	2148
202	570
969	1137
164	2039
836	1365
93	1960
742	471
858	1752
505	2188
1042	2094
204	563
263	1278
920	595
48	653
1680	2717
410	837
1377	1402
173	478
573	125
572	1695
8	488
1855	1960
1693	1804
122	3202
1858	2852
519	194
261	1987
665	1310
525	940
793	2845
279	1063
392	298
257	944
908	1279
608	981
573	2572
940	33
265	952
20	837
895	2564
221	402
990	2067
412	819
122	1639
793	147
226	453
1444	1104
1383	3139
1035	1505
1749	2821
815	855
102	33
1258	1168
984	2276
713	555
11	1020
1745	290
998	75
1575	2766
142	1994
936	2384
964	201
279	1826
20	233
21	2997
470	344
1	2177
893	411
59	320
546	265
295	905
1137	1618
371	274
593	600
596	1098
934	1109
279	2523
1099	1460
444	1375
229	1496
147	1882
869	872
1210	1425
1292	1780
252	1841
252	1678
97	191
20	2119
747	2292
559	187
608	942
59	787
426	1202
1085	4
51	1771
1114	484
98	2515
265	96
166	91
130	1095
744	2601
573	1417
1013	748
1759	35
1210	1530
855	454
234	1018
310	1509
904	626
1196	288
372	927
1295	1480
273	2713
548	841
1386	2674
365	351
1533	394
31	1425
70	413
1393	1179
795	2583
1735	404
204	837
1024	767
1510	240
1750	216
65	335
1180	752
859	1231
1771	1050
458	328
142	934
799	3005
892	1851
707	1671
1096	1420
234	2459
996	481
1737	149
73	3295
780	1270
146	577
110	1639
58	2252
600	1185
252	673
122	1738
521	11
794	1675
1054	1201
314	827
1307	5
862	1066
28	862
1156	1876
24	110
1891	515
221	2179
573	2543
704	1660
453	194
812	1771
252	1453
346	1316
