2880604	0
2744565	1
76346	2
1162744	3
70619	4
977713	5
2143353	6
278426	7
2448319	8
1644895	9
5692090	10
709093	11
971546	12
679211	13
895614	14
5813705	15
1361621	16
2691202	17
3146635	18
1099951	19
2772033	20
303790	21
4306125	22
1204290	23
853482	24
1472389	25
4045856	26
2233245	27
1616045	28
3742856	29
2129429	30
1281438	31
2074840	32
8994652	33
4976982	34
572250	35
2717927	36
2736308	37
4763812	38
3853511	39
388146	40
2118877	41
880574	42
443640	43
2765483	44
1013798	45
4705867	46
2526512	47
1153276	48
3552751	49
567794	50
2179121	51
1405774	52
1467923	53
2100575	54
1587096	55
833152	56
1709101	57
1772985	58
1581335	59
3502873	60
480157	61
51686	62
168090	63
1103570	64
595916	65
3699538	66
52769	67
2150775	68
1547184	69
1958749	70
2662857	71
1225075	72
2079	73
4068481	74
716251	75
466670	76
1750427	77
925015	78
981619	79
1874572	80
3994973	81
6659040	82
836399	83
872830	84
2955325	85
683763	86
1552065	87
1007249	88
2147660	89
709644	90
3966533	91
1050343	92
3651623	93
422932	94
1280465	95
3765162	96
975375	97
206003	98
870570	99
249327	100
1980519	101
3100951	102
1700909	103
1576274	104
616418	105
1442579	106
919791	107
8799	108
1586554	109
3516667	110
1913106	111
2379767	112
3437374	113
1755595	114
682321	115
2606893	116
3078357	117
6041335	118
1020410	119
644962	120
2415364	121
268713	122
4453415	123
2180735	124
4272440	125
708327	126
774176	127
6751689	128
2438466	129
827351	130
1241884	131
6145350	132
754750	133
1071905	134
2981393	135
1229781	136
1515143	137
949887	138
6701639	139
3042929	140
2513351	141
1153011	142
575740	143
1087354	144
2378064	145
1155608	146
445147	147
302437	148
678930	149
1321652	150
1715010	151
392086	152
644064	153
9701792	154
4083861	155
895058	156
1828332	157
917497	158
7207858	159
6285584	160
849226	161
4562668	162
2335223	163
2037131	164
403814	165
15350275	166
5227203	167
769640	168
422547	169
772153	170
1452006	171
172956	172
2191253	173
246196	174
606967	175
4044589	176
757448	177
404070	178
379971	179
700079	180
1334422	181
9626188	182
481224	183
2563442	184
630835	185
1884095	186
1227938	187
2363060	188
3740298	189
2647203	190
873202	191
942540	192
885332	193
786332	194
2383523	195
655936	196
421373	197
590890	198
32272	199
753310	200
342976	201
51226	202
840405	203
1793893	204
12506154	205
2432861	206
1518775	207
890457	208
2877796	209
3574351	210
15427502	211
3495397	212
1780542	213
2580411	214
3746251	215
1007678	216
1451015	217
2945555	218
1064804	219
1725032	220
1532140	221
2681964	222
1448745	223
7722271	224
1796590	225
563228	226
1560021	227
1530690	228
585390	229
1141552	230
1500295	231
797837	232
430503	233
204837	234
296701	235
1041860	236
1446852	237
1104457	238
2305208	239
1969942	240
438957	241
1580603	242
13956	243
1197175	244
1944855	245
1111625	246
99655	247
2702518	248
407467	249
2919836	250
1396758	251
2043209	252
13780	253
102702	254
3223316	255
2338929	256
1032812	257
30449	258
1946126	259
1057997	260
4590553	261
2078358	262
1379521	263
1828764	264
933856	265
902032	266
2713558	267
1483233	268
500830	269
1950405	270
167463	271
451382	272
2753412	273
1481013	274
536781	275
1041660	276
1560234	277
5650033	278
929371	279
3352370	280
390936	281
845908	282
1149910	283
1862638	284
2231532	285
684434	286
3596316	287
621557	288
1397951	289
3469461	290
3349701	291
2142166	292
800920	293
1000808	294
3990040	295
12434547	296
1741728	297
554364	298
2306964	299
3634169	300
1949959	301
10156	302
222080	303
1570545	304
2938321	305
1416836	306
2870162	307
3733047	308
940235	309
2254535	310
2447991	311
4100204	312
713985	313
3029714	314
742336	315
639860	316
317442	317
415835	318
3097894	319
63090	320
681055	321
1047736	322
713444	323
163293	324
4893496	325
3524517	326
1227866	327
3837544	328
3059514	329
12541024	330
886179	331
1757690	332
599447	333
640518	334
280666	335
286370	336
248396	337
1418216	338
1153821	339
2402378	340
948214	341
3577664	342
273071	343
1610064	344
3084624	345
2011883	346
2208686	347
4402500	348
88254	349
895536	350
247402	351
2814124	352
1175107	353
2437707	354
3288550	355
90129	356
2109040	357
208257	358
569443	359
2606519	360
4842156	361
15103253	362
4603931	363
8582482	364
1045248	365
1257957	366
2495736	367
512742	368
2192598	369
7770425	370
2417869	371
8467227	372
484578	373
931633	374
756407	375
992643	376
3277390	377
1129071	378
902190	379
2884745	380
2385604	381
816393	382
2509967	383
696041	384
2769935	385
6476442	386
2735273	387
2546014	388
5560353	389
206971	390
4002607	391
102071	392
1510260	393
3473262	394
3132725	395
3822994	396
9769881	397
2837799	398
2982607	399
382801	400
686130	401
915138	402
1118608	403
1379213	404
596571	405
1410559	406
1977467	407
3329295	408
1865315	409
31529	410
3503308	411
1719054	412
2110812	413
39	414
1938984	415
1606012	416
6392312	417
1466506	418
17028115	419
570941	420
1704050	421
766624	422
8912105	423
954623	424
2025408	425
2227248	426
1336791	427
2113839	428
1058499	429
278128	430
3598713	431
1154384	432
669958	433
1193979	434
12956362	435
731200	436
14920818	437
5265732	438
2108953	439
8510301	440
2022938	441
8952	442
2441857	443
610376	444
836514	445
1567825	446
2417067	447
2021910	448
285278	449
4196646	450
2377088	451
3034737	452
821228	453
1200757	454
939980	455
7758077	456
273710	457
1222558	458
1404646	459
895249	460
878260	461
1147886	462
5425323	463
1578150	464
6412992	465
558112	466
2112806	467
891803	468
618623	469
1277179	470
4452392	471
1951816	472
1338776	473
1289266	474
3006554	475
910628	476
766332	477
3433605	478
3175704	479
28649	480
2861826	481
568062	482
704628	483
2881231	484
6272149	485
3979559	486
513534	487
628352	488
3742047	489
4925260	490
1447121	491
1650979	492
2846529	493
1467810	494
83128	495
2567051	496
1083034	497
3412140	498
835462	499
2769478	500
2391925	501
2416011	502
2360345	503
1427458	504
1466984	505
1040913	506
2289808	507
1054472	508
1296918	509
4478146	510
297475	511
1235530	512
1922840	513
831616	514
2640049	515
379190	516
1068412	517
706461	518
1808025	519
4476512	520
246395	521
762683	522
2335758	523
857337	524
584321	525
1582246	526
6836179	527
206449	528
2968948	529
7334589	530
512051	531
3073764	532
916900	533
2146181	534
837840	535
751784	536
2028469	537
6698824	538
3188434	539
3270496	540
2683008	541
1209015	542
847829	543
2520283	544
953764	545
670486	546
2196266	547
2767535	548
166708	549
11687	550
1194262	551
1892861	552
1116679	553
1074084	554
3679248	555
871600	556
2467174	557
443656	558
3991009	559
2424748	560
2621648	561
566099	562
184073	563
2168010	564
1116341	565
450794	566
500194	567
2096772	568
1386717	569
2579354	570
2596545	571
2514971	572
610783	573
1811206	574
1420206	575
1067716	576
1614533	577
2362573	578
2209618	579
624974	580
9370166	581
2231878	582
2775676	583
5049175	584
802795	585
540485	586
2340752	587
3324445	588
198329	589
5569936	590
1929109	591
413310	592
4345897	593
1714515	594
1171191	595
2147772	596
651158	597
1496470	598
2215991	599
966474	600
1410136	601
2248760	602
828381	603
1730569	604
884644	605
459689	606
3141417	607
1389193	608
1479023	609
1133670	610
3204407	611
2733057	612
2309760	613
2735364	614
1583959	615
6418859	616
152322	617
3084556	618
1575075	619
1788883	620
662609	621
3099652	622
3571626	623
853339	624
1853311	625
642947	626
587866	627
1237962	628
8463037	629
745043	630
1625486	631
1478623	632
2552218	633
4399762	634
1592998	635
2665303	636
3847149	637
2496578	638
642332	639
1563964	640
165545	641
195843	642
3778162	643
1982546	644
1452636	645
3699268	646
2227125	647
21907115	648
894235	649
6987430	650
3066634	651
3491717	652
2550485	653
1313511	654
924418	655
189562	656
756192	657
3363194	658
2559508	659
1074108	660
6606433	661
290239	662
1910838	663
28786	664
4255343	665
3730365	666
540673	667
2031839	668
764959	669
2390633	670
11329543	671
2646978	672
1996543	673
601393	674
475246	675
2762566	676
2628167	677
253005	678
1344711	679
1362211	680
2453375	681
2162720	682
710591	683
2846356	684
115553	685
3430550	686
1375256	687
977633	688
3891023	689
1150935	690
3015396	691
1379554	692
3018112	693
2986012	694
28038	695
2951234	696
1186859	697
4741263	698
1902553	699
2319534	700
803866	701
1318294	702
1895590	703
2499843	704
2083849	705
3964202	706
3172009	707
89295	708
627214	709
640895	710
298005	711
3587266	712
2225200	713
75655	714
1539130	715
108233	716
240	717
4015948	718
413386	719
615195	720
731723	721
2254332	722
718076	723
981596	724
2616010	725
2509255	726
661465	727
2315194	728
1083285	729
2995867	730
153632	731
1601626	732
12342865	733
531406	734
7064808	735
2436437	736
298566	737
2973269	738
2847282	739
1554570	740
1168691	741
1351281	742
1928089	743
814336	744
5399653	745
817468	746
518008	747
124621	748
251786	749
1040294	750
1550345	751
878588	752
261407	753
1583744	754
2000088	755
630433	756
1037986	757
1051602	758
697796	759
5833917	760
1398516	761
1987909	762
5095137	763
1864323	764
1490914	765
2298481	766
1870571	767
979684	768
436289	769
494115	770
5035530	771
1730165	772
330004	773
3703144	774
2905153	775
790873	776
2419700	777
6603201	778
1893471	779
1319052	780
34237	781
1723305	782
4227830	783
1144581	784
2022907	785
1087127	786
6582644	787
2219494	788
1925886	789
2217912	790
828467	791
926057	792
1226023	793
2400608	794
287781	795
5065885	796
3362481	797
796439	798
2995814	799
1983522	800
1993201	801
730479	802
2329874	803
3936048	804
1913195	805
3120338	806
805446	807
2862670	808
1499365	809
1215056	810
3708807	811
177428	812
115407	813
1368822	814
205364	815
4229564	816
2360689	817
1836757	818
674114	819
1693216	820
273330	821
516054	822
667560	823
1149300	824
291242	825
2635788	826
4759891	827
2243724	828
3563005	829
558873	830
193228	831
2222528	832
1183678	833
3338545	834
689448	835
144291	836
714106	837
4141094	838
701073	839
682911	840
549888	841
5063763	842
4429104	843
2487294	844
2401065	845
259968	846
1759729	847
1344684	848
5611857	849
277500	850
594225	851
353281	852
874206	853
2870287	854
2201931	855
5254232	856
2971638	857
745460	858
3670178	859
276377	860
3277835	861
2020451	862
6571992	863
1824047	864
696173	865
1732358	866
1133388	867
708050	868
1981188	869
2114020	870
2841188	871
1027697	872
127602	873
9162779	874
2233144	875
4739543	876
1738942	877
145982	878
650	879
4178129	880
1946782	881
3533850	882
1756087	883
1030398	884
2079223	885
2299456	886
10035052	887
3673288	888
2836220	889
899526	890
2136892	891
742713	892
213423	893
1189065	894
1052965	895
4864003	896
2310458	897
16903098	898
6623373	899
3097476	900
981303	901
635965	902
3103849	903
3106782	904
4143682	905
873365	906
696159	907
1247508	908
4260747	909
5302234	910
2805258	911
887987	912
1802810	913
771939	914
823755	915
2275866	916
2329490	917
2273835	918
4468752	919
844886	920
477680	921
5419345	922
2700847	923
772383	924
973722	925
2012871	926
947883	927
2414866	928
1533126	929
70066	930
1553296	931
615738	932
7093369	933
855519	934
495248	935
819317	936
2514669	937
3803170	938
352215	939
1819422	940
2890182	941
1401968	942
1159286	943
3342475	944
2228803	945
2115647	946
692632	947
603706	948
3154469	949
675719	950
2239830	951
1180008	952
620685	953
2019509	954
2047349	955
1298670	956
4055335	957
1959974	958
1567388	959
13220012	960
882118	961
890259	962
2016123	963
718376	964
2342108	965
714149	966
1054570	967
436818	968
3253685	969
1203483	970
428596	971
2151060	972
1249176	973
825680	974
1207712	975
1059672	976
4044552	977
1361959	978
674916	979
2456451	980
134996	981
2255136	982
2416215	983
426961	984
539302	985
2413605	986
3871514	987
624642	988
4358296	989
741843	990
1520164	991
1195763	992
903399	993
157434	994
3552003	995
1757385	996
5207106	997
1239198	998
1099311	999
17776	1000
2232619	1001
3077408	1002
609290	1003
4768414	1004
1169043	1005
830376	1006
1453067	1007
762398	1008
5485165	1009
60640	1010
741727	1011
3447572	1012
773317	1013
1038997	1014
2658334	1015
3199603	1016
2770132	1017
2389691	1018
2464077	1019
906875	1020
134448	1021
2600707	1022
2306367	1023
19669	1024
716910	1025
1454501	1026
691632	1027
1448245	1028
334928	1029
3467844	1030
3228136	1031
4042860	1032
965294	1033
3488355	1034
4934329	1035
4867528	1036
6618099	1037
2737479	1038
2940994	1039
1395203	1040
1215353	1041
999181	1042
1047481	1043
867991	1044
1684737	1045
2629340	1046
1830033	1047
451845	1048
630066	1049
1837326	1050
1390648	1051
1684980	1052
815063	1053
3839063	1054
1158512	1055
3739706	1056
475834	1057
410507	1058
173087	1059
2923864	1060
2894394	1061
727164	1062
944775	1063
1302669	1064
2466571	1065
343032	1066
1387565	1067
1947060	1068
693387	1069
557764	1070
601565	1071
3000008	1072
1132331	1073
135731	1074
1083389	1075
2287653	1076
652298	1077
4058404	1078
4623596	1079
1919096	1080
1623758	1081
627994	1082
20594	1083
457217	1084
1666419	1085
461563	1086
132150	1087
4434028	1088
788444	1089
737462	1090
2385633	1091
1429130	1092
1046205	1093
6865943	1094
2908851	1095
1522305	1096
1864661	1097
2441327	1098
1315779	1099
4085870	1100
96911	1101
1195773	1102
3883699	1103
1590410	1104
129458	1105
4009722	1106
3204453	1107
1227283	1108
17930977	1109
410495	1110
3735949	1111
761561	1112
7045776	1113
460373	1114
233502	1115
1444841	1116
513482	1117
1439270	1118
10954629	1119
874699	1120
3267312	1121
2181101	1122
4084663	1123
97390	1124
2992008	1125
1568344	1126
1065526	1127
4338939	1128
3603106	1129
1042599	1130
385747	1131
569860	1132
1329190	1133
2639669	1134
1418360	1135
10006369	1136
10897	1137
1971650	1138
2797118	1139
2967134	1140
4667308	1141
3564037	1142
608163	1143
1060346	1144
2419609	1145
1528544	1146
1879708	1147
2857387	1148
460283	1149
1362571	1150
2212562	1151
1408038	1152
995918	1153
1873942	1154
2231359	1155
2501394	1156
900915	1157
3229473	1158
3146954	1159
981035	1160
2106055	1161
1144491	1162
2870916	1163
2214218	1164
896435	1165
1702640	1166
3573045	1167
9364985	1168
3285821	1169
1385005	1170
3513546	1171
1503591	1172
3007675	1173
237963	1174
930513	1175
765744	1176
999948	1177
2343947	1178
951488	1179
1632506	1180
1446818	1181
1011129	1182
771970	1183
1739423	1184
2094107	1185
1421308	1186
793888	1187
3303138	1188
643193	1189
16002	1190
1558815	1191
2653001	1192
779805	1193
467578	1194
508911	1195
695760	1196
739789	1197
550167	1198
4681057	1199
275617	1200
564862	1201
1945540	1202
3526671	1203
2135049	1204
453151	1205
804007	1206
1026726	1207
330460	1208
1656171	1209
8218310	1210
2361895	1211
3397586	1212
1586728	1213
1863145	1214
754718	1215
2447562	1216
1706494	1217
4310897	1218
2294938	1219
3359358	1220
837514	1221
730858	1222
11241520	1223
3030783	1224
793514	1225
544358	1226
94001	1227
461141	1228
1051764	1229
2342499	1230
2846614	1231
2287804	1232
1434246	1233
257277	1234
541046	1235
2187277	1236
13356091	1237
2674664	1238
5709704	1239
2105978	1240
725538	1241
2696604	1242
3338458	1243
860165	1244
2035194	1245
2439189	1246
1250475	1247
5688273	1248
34929	1249
2109729	1250
2075173	1251
3257752	1252
2890810	1253
1067326	1254
2787221	1255
624385	1256
841938	1257
1217695	1258
704419	1259
2415753	1260
687505	1261
1707565	1262
540983	1263
130034	1264
297989	1265
1263292	1266
2084462	1267
2941223	1268
3569173	1269
5205099	1270
3662290	1271
455735	1272
2668568	1273
1855120	1274
586890	1275
238045	1276
703426	1277
4905363	1278
6754408	1279
3637767	1280
2958356	1281
362853	1282
855321	1283
18006678	1284
2922714	1285
1570674	1286
6974221	1287
2564172	1288
440212	1289
814231	1290
1981421	1291
1306533	1292
3429009	1293
1342289	1294
575179	1295
1219520	1296
982019	1297
1808791	1298
2297575	1299
140481	1300
794805	1301
720518	1302
992783	1303
337136	1304
383920	1305
1154050	1306
1542146	1307
1015773	1308
1583491	1309
4418161	1310
2923479	1311
1479774	1312
2926131	1313
808386	1314
988869	1315
1712510	1316
2884530	1317
2883122	1318
2205076	1319
1886926	1320
4729332	1321
684367	1322
3258443	1323
755603	1324
1150630	1325
1782268	1326
290657	1327
1060868	1328
1448135	1329
6389652	1330
2322324	1331
2723251	1332
2105382	1333
2126104	1334
963349	1335
2942159	1336
2501531	1337
324612	1338
1194034	1339
2098724	1340
9334	1341
1744615	1342
78318	1343
4835175	1344
2149404	1345
3149609	1346
963836	1347
659269	1348
10639096	1349
1167937	1350
500521	1351
1804819	1352
13738574	1353
2398454	1354
1219723	1355
3897707	1356
1005940	1357
702479	1358
3870038	1359
213044	1360
1513826	1361
761065	1362
431260	1363
2819487	1364
6499533	1365
772039	1366
1216716	1367
1942182	1368
147184	1369
585641	1370
3808074	1371
12365141	1372
1425091	1373
2506015	1374
1088587	1375
1317221	1376
2432596	1377
244968	1378
2795356	1379
1972852	1380
1050124	1381
15038828	1382
696903	1383
364064	1384
2123355	1385
551572	1386
4927997	1387
1952350	1388
1587560	1389
254527	1390
2824339	1391
4388959	1392
943679	1393
710535	1394
3325179	1395
3024317	1396
1016996	1397
1927922	1398
2067459	1399
3643663	1400
1232278	1401
1848740	1402
747340	1403
4912381	1404
1414774	1405
3902471	1406
2990390	1407
687975	1408
181100	1409
513916	1410
645386	1411
620085	1412
2547809	1413
3534814	1414
1033683	1415
3215815	1416
3055025	1417
2184906	1418
2643899	1419
2595018	1420
2039703	1421
1879389	1422
2249059	1423
2021156	1424
6387310	1425
4109465	1426
1200821	1427
1351045	1428
1125829	1429
1869082	1430
1183990	1431
3288961	1432
184692	1433
717517	1434
1253331	1435
1582827	1436
1128607	1437
1131624	1438
7672292	1439
5983684	1440
3823170	1441
1601157	1442
2635009	1443
2592199	1444
6660314	1445
4404274	1446
6706071	1447
3174748	1448
2418139	1449
3466115	1450
894905	1451
7513025	1452
950363	1453
5109643	1454
1805248	1455
1576703	1456
2041465	1457
752954	1458
170990	1459
993682	1460
305229	1461
730415	1462
2160921	1463
1421692	1464
3667694	1465
3276759	1466
2491557	1467
982554	1468
3068852	1469
1363661	1470
2361564	1471
1710726	1472
338	1473
264695	1474
2203556	1475
3045012	1476
2074031	1477
725837	1478
5424991	1479
3750818	1480
641346	1481
4370451	1482
1478626	1483
3134168	1484
1109946	1485
1302706	1486
406757	1487
948388	1488
463972	1489
3142475	1490
3150363	1491
3343951	1492
1759855	1493
526474	1494
1909899	1495
807011	1496
693504	1497
287898	1498
2892297	1499
615285	1500
5970198	1501
2008727	1502
1697160	1503
284259	1504
483587	1505
1474923	1506
1487900	1507
4079533	1508
208760	1509
2112258	1510
13518556	1511
1280462	1512
2218851	1513
663681	1514
465582	1515
1629558	1516
2566972	1517
2645005	1518
3468769	1519
37701	1520
3984687	1521
1884146	1522
1513855	1523
2947618	1524
1762862	1525
7593060	1526
1764721	1527
3737636	1528
862474	1529
2263605	1530
2368620	1531
2409005	1532
1273750	1533
2765074	1534
3072298	1535
2724859	1536
1181889	1537
1821399	1538
350185	1539
3953941	1540
677194	1541
1854765	1542
3566748	1543
705795	1544
3188322	1545
4316151	1546
1787740	1547
158780	1548
2521555	1549
1595770	1550
616756	1551
3550795	1552
3115859	1553
996193	1554
5412785	1555
1014565	1556
298820	1557
882942	1558
9214369	1559
3467982	1560
2322517	1561
1458115	1562
2805438	1563
911432	1564
6456210	1565
2038577	1566
32096	1567
3018084	1568
1271825	1569
2808384	1570
485621	1571
2961142	1572
284429	1573
11555545	1574
3863879	1575
2495044	1576
1737956	1577
1073389	1578
2155591	1579
3543562	1580
2101001	1581
646669	1582
4929228	1583
864635	1584
2387353	1585
2122668	1586
3881063	1587
3180748	1588
2111971	1589
937913	1590
8580335	1591
2235098	1592
1911359	1593
622281	1594
3277727	1595
1302401	1596
1269055	1597
2524153	1598
350583	1599
188335	1600
936568	1601
1567055	1602
2916647	1603
999804	1604
1322439	1605
2379815	1606
3089825	1607
5714182	1608
2229157	1609
55309	1610
3705283	1611
1993096	1612
1771993	1613
728399	1614
845026	1615
3527288	1616
2107966	1617
531018	1618
1144260	1619
654050	1620
3012724	1621
3959879	1622
5152333	1623
3146005	1624
1194079	1625
518299	1626
1766015	1627
3094546	1628
286177	1629
3555181	1630
5422551	1631
265740	1632
1980094	1633
1783888	1634
2743171	1635
2007733	1636
793210	1637
5202721	1638
1960442	1639
144258	1640
2584912	1641
434188	1642
1548538	1643
3028777	1644
8565160	1645
10008479	1646
2328605	1647
2574024	1648
856215	1649
328951	1650
1860620	1651
1467219	1652
1878922	1653
9479923	1654
1503961	1655
254627	1656
2074086	1657
6550110	1658
2242481	1659
1230851	1660
717933	1661
3558242	1662
6593822	1663
2618261	1664
4612067	1665
22106825	1666
2677002	1667
3118990	1668
1847683	1669
3902133	1670
6580855	1671
509821	1672
603952	1673
626055	1674
28336	1675
1037626	1676
5377851	1677
3216416	1678
665820	1679
9233053	1680
568187	1681
1246836	1682
2521898	1683
3078702	1684
1950315	1685
918509	1686
185024	1687
2715179	1688
137731	1689
837152	1690
4821485	1691
9184347	1692
2472192	1693
2064570	1694
1728323	1695
6502599	1696
10234460	1697
1987761	1698
1271149	1699
2826130	1700
2857729	1701
521982	1702
581950	1703
2416598	1704
1477998	1705
2401490	1706
2314066	1707
3043619	1708
1165266	1709
11734822	1710
3992793	1711
1064866	1712
16723150	1713
1153824	1714
2461614	1715
88493	1716
4321600	1717
6427697	1718
1854382	1719
2807507	1720
38136	1721
1484359	1722
6447724	1723
1730309	1724
645955	1725
798244	1726
2262758	1727
123311	1728
1682699	1729
3377888	1730
3775069	1731
4438656	1732
2749711	1733
4513326	1734
1028235	1735
1803275	1736
2499129	1737
729540	1738
1032424	1739
15931771	1740
3283069	1741
3277445	1742
7397472	1743
7780127	1744
1651392	1745
1130317	1746
249596	1747
9832681	1748
1439661	1749
4222618	1750
204509	1751
379684	1752
754398	1753
2883541	1754
2834237	1755
980190	1756
7983936	1757
1333306	1758
1350527	1759
1117768	1760
2143147	1761
3900071	1762
1513489	1763
2950891	1764
887202	1765
832196	1766
229696	1767
5174966	1768
2207145	1769
4449133	1770
303502	1771
709682	1772
251384	1773
3508267	1774
3118636	1775
3241500	1776
2452564	1777
2357085	1778
7524687	1779
12816650	1780
9157701	1781
807511	1782
881394	1783
1808024	1784
981833	1785
356906	1786
2016099	1787
819497	1788
3477811	1789
11328856	1790
5089682	1791
579160	1792
2824836	1793
1236321	1794
1481649	1795
2466105	1796
1913244	1797
1933879	1798
715477	1799
3266200	1800
208226	1801
2574173	1802
1974294	1803
1235063	1804
1826225	1805
14086589	1806
1970120	1807
641386	1808
226733	1809
866171	1810
949310	1811
2116434	1812
3327282	1813
3248943	1814
219283	1815
2395223	1816
3485711	1817
2073804	1818
1099006	1819
2747386	1820
2554128	1821
9146913	1822
67672	1823
3951666	1824
12235307	1825
4101907	1826
4282881	1827
2942747	1828
444419	1829
2909203	1830
2802997	1831
443017	1832
2402340	1833
935905	1834
979427	1835
3297084	1836
3687022	1837
1413888	1838
2948439	1839
3208846	1840
2616650	1841
3319424	1842
1495069	1843
2338321	1844
108401	1845
3663810	1846
687174	1847
774783	1848
5625786	1849
5899960	1850
3916318	1851
2561025	1852
10188623	1853
3277381	1854
1813334	1855
1078087	1856
2518646	1857
1935899	1858
2156341	1859
908078	1860
1284995	1861
15083014	1862
1206363	1863
3570157	1864
773567	1865
1980177	1866
828799	1867
92342	1868
2335688	1869
3164477	1870
2538938	1871
1848170	1872
3019726	1873
717312	1874
2980154	1875
7568904	1876
2469476	1877
3540575	1878
2133844	1879
829431	1880
652000	1881
1679861	1882
2869296	1883
2368523	1884
4458137	1885
5016798	1886
887582	1887
22436218	1888
4975766	1889
6076239	1890
3010201	1891
4266908	1892
2975517	1893
14064121	1894
2746273	1895
2705816	1896
5016953	1897
7491551	1898
1639072	1899
2392528	1900
765397	1901
1207472	1902
5679451	1903
2004192	1904
2135199	1905
4270021	1906
10689059	1907
2563055	1908
752647	1909
1630242	1910
8156229	1911
7618207	1912
1710024	1913
1085424	1914
3793003	1915
2482256	1916
2330907	1917
4240510	1918
3718703	1919
9037820	1920
10430014	1921
2342015	1922
4563933	1923
15950167	1924
3075984	1925
1626038	1926
3057946	1927
