1452	1068	683
122	1100	0
3791	50	27
4268	1424	1694
118	363	30
244	914	241
118	317	460
479	572	112
759	368	1346
957	133	3966
672	495	1328
319	529	241
498	1448	695
36	55	669
2227	821	935
598	551	1792
245	1435	2166
244	1949	4038
329	3003	669
1091	383	258
1014	271	30
2028	305	567
244	799	1065
1018	55	2173
13	379	85
1452	577	1038
1581	572	0
759	379	258
627	749	1101
13	749	1025
479	1343	217
2744	412	544
598	229	30
570	383	72
1091	914	723
570	914	683
3073	2960	300
319	1174	483
891	700	112
39	572	808
1810	1348	1829
479	23	241
2621	383	1707
859	105	523
570	322	72
1103	70	263
2748	227	242
3205	105	2728
13	5	701
570	32	1226
722	70	683
39	67	78
996	105	1673
319	368	4849
118	322	95
560	572	324
319	227	485
319	368	72
1018	23	578
118	3029	567
598	529	30
2635	5	258
244	5620	72
245	726	1865
555	55	52
498	170	703
1223	529	72
1581	1220	251
467	1008	918
13	5	870
655	3459	3463
627	1659	242
1104	816	703
3920	516	89
244	1317	174
672	914	72
118	363	344
1067	363	2032
2557	275	1794
560	305	91
917	107	2187
2021	551	446
43	271	953
209	442	339
39	572	34
65	327	5197
1790	1222	263
39	401	34
244	322	30
100	275	282
929	383	1914
1057	1948	1085
560	1175	91
555	914	251
1518	914	709
1581	294	30
208	572	91
39	322	27
595	766	597
848	2474	1234
2361	133	72
598	914	72
256	1134	1705
1151	226	34
118	914	729
13	170	691
1063	1029	857
408	2364	783
570	261	1196
1944	1744	217
118	107	1282
655	379	1065
570	1122	393
244	317	567
302	1338	862
560	815	2166
570	914	642
118	1486	1507
245	969	1844
1067	766	2448
1523	632	574
118	107	862
479	1424	112
118	700	574
604	815	713
570	67	30
848	363	857
570	1646	264
290	107	78
2331	55	642
39	133	506
2106	32	1755
627	363	241
560	105	868
1042	271	378
627	551	258
3084	367	2032
4870	2034	258
3575	338	242
13	379	1085
118	4281	1282
65	383	683
1724	107	1773
2106	32	2876
604	3228	2669
5040	317	85
602	379	217
479	1448	870
2683	107	30
4242	401	1142
39	1688	3823
1395	914	990
16	170	1396
1172	572	30
39	67	44
655	1068	683
1452	401	1394
698	2506	1326
118	113	506
616	1298	5909
814	10435	574
570	229	241
5040	338	701
394	583	72
1395	766	217
2210	1586	1792
165	170	601
560	650	713
65	275	285
414	18	371
759	1111	4459
3090	55	1279
209	412	642
929	154	85
118	650	862
761	2455	1755
555	1024	139
1018	1174	72
3496	352	217
6674	766	30
1837	1402	695
1042	363	241
859	26	709
3050	816	1025
859	133	85
118	317	523
244	673	3286
304	401	89
2361	1186	217
65	32	1649
3084	317	69
655	67	902
117	2364	1833
655	1130	439
706	322	77
394	766	1673
1751	4391	263
598	673	1282
705	1427	1813
406	22	882
479	305	85
118	529	436
408	305	1545
3511	55	241
39	481	1221
2442	67	30
118	70	217
570	305	1234
1042	105	1282
2621	368	1150
2621	481	89
118	529	241
518	607	258
244	202	371
479	419	263
928	230	574
319	305	2040
39	379	2166
3921	368	1867
39	170	2728
2425	905	85
118	367	72
319	23	262
319	18	44
976	545	653
759	1620	4670
1018	758	1282
508	227	862
1518	1068	360
1302	307	1705
518	23	862
6392	3253	85
1987	845	1263
598	237	143
1329	1122	2166
719	305	251
39	3208	4652
598	2198	30
165	700	1705
3880	815	72
1395	63	440
1018	271	4459
1702	322	96
117	373	258
118	1586	264
1056	577	112
508	305	242
1725	5207	72
118	577	360
2701	529	460
302	5402	143
1067	901	85
65	603	5946
555	4519	868
319	3252	147
3299	275	1157
117	133	1902
508	789	282
754	2456	372
290	1498	1065
13	3019	372
1244	1448	285
672	202	72
570	516	251
445	1179	1221
598	305	625
479	379	195
13	379	44
3840	3352	683
1590	5	601
759	617	235
1452	275	709
479	1029	372
2207	363	1198
555	383	2665
319	305	802
508	1175	72
1067	67	578
508	1360	4014
655	845	695
817	1486	963
245	1494	701
3393	367	642
280	821	381
1042	305	264
1120	105	258
244	1374	2337
555	749	242
479	322	264
929	105	263
817	2593	360
290	305	371
2635	1254	2166
1581	317	3250
158	379	1234
759	383	251
1409	665	1173
452	1179	567
570	305	683
13	275	78
118	4112	703
598	317	72
213	5	3749
928	55	2869
1329	379	868
39	67	77
852	1222	210
598	63	675
165	1317	112
655	960	285
598	1835	3658
560	1254	166
722	2751	2665
65	545	372
39	1596	691
118	353	251
463	383	27
6750	133	1230
508	552	713
5167	807	2017
498	63	372
39	805	5340
1452	533	30
2641	816	523
479	23	217
1409	383	723
319	815	574
977	554	574
957	1179	112
479	379	1813
1751	105	1142
118	804	2187
598	332	242
1452	577	446
43	368	1065
1042	9488	1914
555	50	3340
2320	924	217
406	603	1860
4095	545	258
479	2206	217
6611	4112	870
118	368	89
118	2755	264
290	305	264
13	700	918
655	379	68
233	105	30
722	605	857
560	63	287
860	405	1966
13	5	1142
2260	412	263
39	401	2706
3383	401	372
3575	1006	3008
1409	224	1755
1067	261	34
43	1283	883
118	766	72
2976	2456	5189
957	133	1212
48	363	1282
5960	1254	2728
3775	565	567
1464	32	241
465	368	4703
555	1638	217
2258	914	990
928	816	89
3134	2704	683
2548	133	112
165	322	1844
957	700	567
1409	551	1263
817	5	2544
957	133	258
118	1688	1328
244	1835	505
1518	1835	709
118	1008	1282
302	552	1507
759	1360	709
39	551	181
874	133	1352
759	577	4109
13	379	262
929	5	1173
319	1424	625
165	368	723
724	5296	30
3671	229	902
304	105	1755
118	804	460
598	67	72
13	247	1999
244	850	4269
1440	2506	78
604	343	263
3754	383	1196
13	726	5345
2442	229	112
179	766	1670
508	317	112
39	781	1708
570	607	378
929	322	3235
2539	7489	544
301	379	1059
158	1855	713
331	807	506
118	105	601
213	1835	713
1452	383	89
233	353	2120
1863	1024	72
65	338	883
929	105	2276
655	1592	683
118	529	1768
2937	850	3008
2207	914	1670
489	105	241
1057	1174	372
957	580	5435
508	1781	485
319	1586	1086
2374	1470	324
302	322	72
2230	2129	217
304	368	523
598	1283	378
1452	316	89
598	1774	1328
244	3599	428
508	224	1025
13	369	262
100	845	883
245	1448	1952
2207	572	1140
302	305	1792
16	700	251
547	2003	112
16	202	264
165	322	217
722	551	808
560	2312	714
39	1338	345
627	577	258
1223	363	574
452	170	567
1751	2228	1282
498	905	372
1042	229	953
570	63	264
1320	529	436
759	368	2166
508	577	112
1010	401	112
570	2099	1705
39	133	360
560	32	1142
560	63	1673
245	933	27
1223	932	642
158	845	1914
508	749	1396
508	577	574
39	1448	675
2750	412	30
555	4473	2032
560	368	89
2939	67	324
2597	204	96
698	2540	217
213	159	574
1223	914	446
3090	565	446
1395	914	574
566	878	574
302	305	1065
508	379	72
118	914	862
39	2951	1328
290	14	258
420	827	217
555	905	701
872	700	588
555	5	72
8818	2468	268
1340	1635	669
817	247	258
627	942	1212
479	50	1346
655	1239	264
240	227	1673
1027	405	857
319	1541	44
598	1155	1966
1184	105	282
302	401	30
3851	577	345
1003	26	1065
848	580	1513
759	317	808
479	1392	446
508	7397	251
2114	86	262
1698	933	258
3488	373	742
1172	191	91
957	335	2193
508	1126	1150
233	383	251
957	105	27
244	529	713
3488	317	381
1223	487	990
891	673	713
302	363	72
65	70	1582
445	379	567
284	481	683
304	933	1755
722	105	241
253	207	574
655	379	89
929	322	1910
1050	1541	372
555	379	2463
1340	516	1507
655	1122	210
410	1336	195
2937	133	3286
4435	903	121
7	383	112
244	170	446
16	5860	315
1711	3033	5197
718	819	37
1751	363	1282
957	383	372
1518	572	2438
817	914	990
290	603	4728
1289	207	1792
598	577	625
290	4112	241
2590	271	525
290	435	4743
1540	561	591
13	1186	85
1050	50	34
1698	481	72
1409	804	483
13	1029	77
928	23	1705
560	379	1749
1452	379	691
1151	632	683
1457	1283	418
165	317	264
118	170	143
165	481	372
508	572	870
2621	368	112
1042	2623	1385
245	1348	121
65	905	78
445	335	121
917	229	217
396	580	2120
2331	1592	1773
1158	565	507
48	1112	446
1795	368	1507
479	295	263
595	572	264
319	1069	89
244	369	1234
2244	317	483
319	572	242
1787	26	72
1816	970	241
5469	2024	2265
290	32	1226
244	2240	713
874	565	1352
724	142	1677
2351	1052	506
1027	1710	166
1488	383	2120
302	401	360
672	665	1507
1027	405	72
1452	105	1914
1452	1068	181
178	170	1792
1172	1796	378
722	275	251
598	363	675
445	577	85
722	25	112
244	727	27
2590	305	683
2621	473	258
118	605	72
741	383	258
1947	322	1507
1581	317	421
722	3599	1914
2766	551	78
302	368	360
233	14	446
1051	603	147
118	914	574
616	227	883
2750	603	0
570	2441	1282
1042	551	217
1947	63	1597
2189	469	1844
3791	572	258
508	4041	1396
3170	2424	30
414	130	5094
319	383	72
13	5	85
3388	816	1282
555	1174	683
118	816	625
627	749	1142
319	2129	217
319	529	30
595	335	992
759	2515	669
13	1402	235
239	1528	258
598	1029	2435
118	1254	574
1581	55	30
508	572	30
595	2634	436
3393	401	642
13	402	1346
118	327	241
1452	3599	30
555	379	241
4268	2245	2676
570	749	574
928	901	3171
165	1659	4399
1515	529	258
598	130	1025
598	207	30
2440	551	703
3458	368	1246
213	107	282
623	1298	49
118	1348	642
598	133	2032
705	338	460
957	32	1212
390	1239	683
598	368	30
560	1174	89
479	305	358
3458	328	262
1581	63	1065
1474	662	1147
5148	1348	1495
39	1994	642
2356	603	242
165	322	264
1149	4281	879
414	70	378
1443	105	683
280	133	868
1042	405	1673
39	401	258
1452	1283	574
824	379	6671
331	23	707
957	749	1619
213	804	72
929	726	345
2750	577	574
424	905	683
146	903	77
672	1586	574
87	435	37
1922	328	3188
508	401	709
5546	23	1413
1054	322	4065
39	32	703
560	1122	1813
1172	234	264
1027	529	950
1440	4112	112
1375	191	264
1054	572	30
118	905	574
627	67	1212
118	572	745
1899	3813	72
118	325	1676
2621	247	703
245	933	372
479	577	360
479	367	372
437	115	72
1042	363	1673
1518	138	3682
3460	2511	96
1050	3279	89
2541	580	883
1595	383	78
280	328	1345
1158	726	1241
301	561	2546
928	1618	2525
65	367	372
508	368	1025
1409	3307	642
2361	1220	217
570	1144	85
722	551	89
759	1470	1794
4682	368	30
874	261	1221
1581	1029	85
961	401	1755
474	3252	4301
479	58	1142
655	317	1794
304	905	808
560	488	345
598	2123	1025
570	2419	2337
928	1255	1025
563	57	1749
1151	577	990
319	3599	147
6428	708	217
5795	105	78
741	401	1966
598	1380	2178
598	23	857
65	234	1798
929	368	753
1523	224	4675
570	305	625
3412	1586	5055
498	554	544
319	565	282
474	603	210
1042	914	574
2114	845	709
965	924	456
65	2789	1914
233	2441	1798
1018	905	188
36	924	1280
233	1008	446
290	107	1695
179	2263	258
570	2511	1025
4877	766	85
5619	379	417
1329	1626	235
1711	8133	709
1340	700	4109
118	105	241
39	325	372
13	816	3554
957	1586	37
508	726	72
3999	704	2166
598	229	72
759	481	2145
1149	2277	72
1581	32	1328
859	136	285
3329	1144	767
1395	914	703
759	1029	44
1581	271	953
244	170	2337
3575	3222	30
244	3307	683
302	229	85
1666	367	264
598	67	625
319	481	241
13	1524	701
1395	529	2728
39	804	258
595	1659	417
3461	10	1396
414	1066	1065
2590	3635	3271
158	1586	4381
928	905	4498
598	603	574
928	379	6509
570	1928	2032
1027	2720	4267
301	572	89
165	338	2193
555	105	808
118	363	251
244	55	2438
1452	1283	709
165	5	574
319	1174	4335
1492	481	1212
43	3338	5151
598	529	574
1229	1268	483
1457	2506	1101
555	2364	372
39	50	857
852	229	30
555	545	1396
13	63	34
957	1596	1914
1751	383	44
244	577	683
467	708	2032
2361	1110	262
6600	1592	287
2361	804	439
508	572	258
479	32	591
1698	369	460
627	368	3057
118	202	1025
414	905	506
1581	363	4525
233	1486	506
118	63	3171
233	481	89
118	204	1431
2207	295	262
39	850	574
508	577	188
598	305	3188
284	1428	2086
860	67	3567
598	392	1554
117	229	747
406	67	143
1751	379	1844
672	317	30
929	22	1507
1067	592	1234
3090	1477	723
724	473	460
508	1712	241
589	379	112
2482	4022	642
724	749	802
319	901	6844
48	700	262
118	933	264
445	2380	285
394	55	2728
158	136	3883
685	368	1065
627	32	446
724	1283	713
118	529	2728
957	577	381
302	632	1246
13	368	3085
245	383	2109
929	791	241
1184	1486	2032
3758	105	5475
13	401	1065
555	1174	506
165	145	44
508	878	282
672	1112	72
2766	2129	85
39	1021	181
1457	789	1844
117	379	1046
570	3756	1673
1172	580	2480
118	63	1385
302	1470	263
2210	785	574
724	317	1025
1067	1465	143
2426	572	485
1595	2277	1020
560	2751	89
479	789	181
672	379	72
2114	2573	753
319	1283	567
118	5	742
1184	572	857
929	379	30
244	1596	2780
118	914	300
3757	1110	857
872	305	2502
5299	1470	436
2621	368	1287
555	933	1507
722	1949	2265
547	2601	378
244	1486	1325
817	379	3554
118	799	264
498	237	251
245	1283	523
2028	322	1263
1765	335	2502
117	2312	68
598	107	219
996	577	544
213	819	52
508	305	663
1104	229	258
1302	362	282
598	63	5655
301	933	263
705	671	1965
301	577	85
118	565	460
555	933	541
560	711	1265
2621	275	3166
598	673	1025
1457	322	542
1395	914	2233
498	133	1234
498	1493	285
928	202	241
2617	850	713
929	368	85
616	572	2308
976	577	703
874	368	2317
479	379	2120
1172	529	446
508	1006	258
245	1273	863
859	572	44
2398	190	217
817	3131	460
118	3445	1507
118	529	1385
118	322	935
741	869	112
1229	603	1929
859	1441	1234
245	1286	2317
13	1144	112
1518	50	242
655	379	78
445	23	642
2281	3523	263
280	2096	990
13	247	701
118	529	439
627	799	3520
244	4600	2037
852	1029	713
118	32	1385
508	700	574
244	317	1798
284	914	2100
1452	1898	567
655	1066	836
1329	845	1241
13	2990	683
118	572	258
555	368	85
872	327	1813
165	338	703
1452	1427	523
4107	673	2860
722	726	1234
627	3258	85
1725	903	2728
463	1298	44
929	903	258
547	2601	264
555	2343	1246
452	353	567
3119	191	1597
801	130	1749
852	133	1396
917	379	1319
118	2289	2728
547	1069	669
929	1360	4675
3212	603	1275
4051	632	483
2635	903	285
759	942	729
244	379	642
165	1781	578
1698	23	507
555	704	597
424	169	135
817	2267	990
976	561	1556
1018	529	733
244	700	992
957	2277	4840
39	487	2337
598	905	713
1184	305	378
479	1069	1234
118	1928	242
1329	379	34
213	667	625
1457	2735	263
957	708	2193
1581	317	251
4573	529	300
3084	107	72
1347	850	882
463	191	0
518	1486	713
595	5410	709
4144	368	446
1409	229	160
1532	379	77
9334	1639	1316
722	1017	1849
598	322	1325
463	3258	258
245	2981	1604
1395	1360	268
555	229	282
244	529	242
467	1435	1087
598	2041	30
302	708	72
2361	471	918
65	317	181
3045	2252	1394
1590	592	258
2361	603	264
917	363	2502
280	4857	1413
1223	5	723
118	766	990
406	1400	2040
118	133	2008
2264	317	1346
1018	1110	2104
280	851	2862
759	379	1597
3925	322	354
1741	845	44
1018	914	3966
2819	155	263
39	274	703
1340	105	263
1172	572	264
13	247	1221
508	1486	642
319	756	372
100	105	1234
4414	816	753
817	1862	72
414	727	1507
244	1179	72
929	572	85
3329	671	372
39	845	167
555	572	324
1091	23	440
555	1541	262
598	700	188
560	317	1065
2207	903	1649
479	369	701
479	328	110
570	133	862
13	2277	5069
479	572	300
1184	350	1025
1054	572	701
3356	487	259
1067	3610	143
1172	70	3932
648	305	217
3134	2579	235
302	2129	574
928	5	446
1018	3406	1234
1440	383	857
1751	275	3591
245	2455	808
479	2833	541
598	529	72
43	1052	918
118	271	217
2200	1268	1101
1172	363	567
233	379	544
1452	2019	351
36	369	1649
13	261	85
65	3258	263
233	1688	258
244	305	264
118	412	258
319	305	3473
722	383	3964
627	473	242
1702	107	37
118	572	241
508	1174	544
891	322	110
319	170	89
1056	1066	147
1395	634	950
2748	632	1282
302	5	544
555	405	713
1452	473	1025
1375	368	85
860	5	870
16	5649	89
872	933	642
245	1185	78
508	229	6
1518	105	49
39	577	523
118	758	703
848	513	683
75	2228	217
118	202	748
3058	305	574
118	603	225
570	2343	52
479	603	264
319	565	241
319	572	345
118	632	713
800	229	112
928	373	3411
5859	305	242
5029	4360	1234
331	933	2302
2987	368	112
1067	577	354
1010	23	6671
859	317	857
1027	229	268
445	442	217
1457	905	345
1581	901	78
5558	368	3169
2625	1465	1844
479	2341	574
479	1174	112
1540	3251	483
302	4900	72
3487	592	703
280	63	428
420	317	601
148	94	287
3458	495	2438
2374	665	0
1581	970	1352
39	1949	723
555	905	1552
165	2019	1065
957	583	2780
616	617	2438
741	1122	3513
598	224	446
1452	816	112
6392	325	1234
437	1110	1346
13	247	926
2425	1332	485
598	2105	3125
290	5	2502
1518	105	34
256	368	72
406	5620	263
1874	401	89
824	2835	703
817	478	72
437	170	1587
1452	3267	1147
9504	2996	166
118	379	143
5081	914	990
479	617	446
555	577	1396
1395	1688	578
1540	170	440
555	577	258
16	2773	2107
570	955	446
1184	305	1476
915	130	89
65	583	695
508	271	217
13	271	4034
118	890	1507
1595	727	691
498	419	210
13	327	802
178	419	446
1056	1448	1755
555	572	1867
1416	412	52
602	804	72
1018	5580	2728
1540	368	89
929	367	1821
1485	1130	1287
2635	1029	1914
570	2123	242
3076	1422	282
117	605	44
406	271	1065
852	2796	541
289	305	378
957	749	3555
165	247	160
598	933	675
239	3309	259
43	247	436
1989	229	2491
555	1186	72
859	955	1385
3481	2006	89
118	819	3139
1751	572	567
1089	142	1085
655	905	1749
118	32	143
280	700	1346
566	322	625
233	23	89
118	1605	72
498	338	691
5263	379	3966
2427	383	417
244	4182	282
244	529	574
604	383	1212
319	665	1960
508	1029	786
627	1448	1221
245	1074	85
759	1493	3271
1698	55	251
741	845	360
301	368	683
1947	766	3682
1056	572	5069
1172	32	625
445	1596	1062
301	63	506
598	1524	3271
244	1778	625
664	4254	112
414	1006	1597
627	2579	1554
1581	1470	89
2361	247	258
165	905	2057
414	577	112
3827	383	181
59	229	753
1027	442	217
100	133	1282
1518	1605	381
655	2908	1755
1818	1797	3937
280	471	4728
1091	815	68
598	3882	2844
16	2289	1914
4610	63	72
1974	2735	418
118	305	506
280	379	1749
2939	577	258
555	229	1914
2425	4041	217
2937	305	371
817	133	72
961	1097	574
560	3362	258
65	303	381
39	4050	2728
852	617	446
244	363	870
560	905	300
655	2790	902
5040	271	1708
1027	5	574
508	133	37
860	807	1346
1817	572	112
244	2343	217
508	3338	3089
817	815	268
3446	1404	85
301	845	3555
39	271	78
3170	552	91
957	1605	1727
555	368	1914
319	305	1513
1532	383	1821
80	1898	82
1817	229	112
244	942	1040
1761	328	703
301	5897	282
479	572	862
319	572	683
245	32	1849
817	1975	1234
555	727	857
1027	350	990
860	338	691
957	632	1607
479	787	1200
65	229	2728
2621	379	506
555	2871	446
530	305	683
1223	4550	436
302	905	3554
570	368	1020
245	583	282
331	32	1740
1452	905	713
209	1005	695
245	1433	1265
5040	2041	3024
566	1494	2086
240	3352	112
2939	1438	96
917	3338	268
929	905	683
800	229	89
1452	1427	2224
244	552	701
16	322	2726
598	529	1234
957	2111	112
1706	5	3720
2710	1254	5548
871	325	1507
1716	914	1025
1042	32	1708
555	107	1824
158	379	2517
1501	577	1212
1446	130	89
1998	379	282
655	3499	2120
179	247	27
3788	681	1673
759	107	544
479	580	1920
48	2129	4897
319	14	354
118	1723	3567
39	113	642
655	804	263
672	307	1705
199	322	1025
560	142	483
790	665	34
1184	271	5623
1595	551	523
1761	673	3138
406	305	91
319	866	1920
1452	18	372
239	981	2435
48	2704	166
4435	903	360
118	1008	30
165	2019	1821
655	700	2020
722	5887	5648
302	1122	1076
688	1611	217
1375	815	574
244	665	902
2829	1360	3167
240	379	1598
860	914	3167
508	229	30
118	317	6788
1501	229	683
1998	5370	446
414	673	180
479	3034	258
331	572	5395
555	8868	30
598	1066	72
319	379	1012
1816	8199	72
209	1348	112
872	67	30
672	14	259
39	368	345
560	2341	525
498	905	703
1474	229	709
1452	325	1142
233	379	567
41	551	360
1409	412	1527
1518	325	574
244	488	72
437	5	4754
233	383	2017
2207	673	544
178	708	1867
1395	1380	1556
117	580	1821
1817	905	89
165	700	1607
240	379	709
39	821	2669
1581	155	30
604	383	868
929	1424	3702
2076	346	683
1408	851	2715
566	2857	6844
1104	130	868
508	368	34
1010	23	112
498	615	258
4195	227	2233
302	1498	91
759	1529	85
1876	369	211
1452	561	78
3084	5	258
1452	3267	483
498	3338	446
118	379	3188
1496	481	703
13	247	1142
452	577	506
479	247	926
452	1486	262
341	295	1328
1395	3	460
1027	379	723
39	32	2728
244	1262	2438
301	4694	1396
595	478	990
555	1853	68
301	133	574
872	781	574
508	2343	30
1409	398	37
1151	5296	217
872	903	1275
598	3648	574
118	4550	258
566	700	1101
117	692	72
655	317	1755
1452	845	767
1403	2424	2684
2750	914	1025
1091	807	1673
1027	398	857
1488	322	258
1666	1470	418
3076	67	1280
560	133	1914
3170	845	1705
731	317	567
43	577	1346
1501	2019	2728
302	606	378
929	63	300
2621	572	112
48	932	574
4435	1907	285
280	481	1221
929	3581	483
479	1586	1865
3840	338	523
555	5	723
3299	603	1101
244	363	625
570	955	188
3525	529	1282
213	529	1282
859	1005	857
498	170	4014
445	1605	483
1184	816	1607
3880	1144	713
1306	5	1821
165	766	2166
2761	700	544
1452	749	506
1751	1713	1188
3333	634	2067
4144	170	4399
118	577	567
39	379	1012
959	5	264
301	133	1413
655	383	112
5158	1455	5714
1987	561	3103
245	758	1246
199	1317	2477
479	50	34
3076	368	1221
598	6213	30
1581	170	181
3511	130	701
555	1586	483
555	6694	883
213	305	1966
118	914	1484
852	1005	1794
1711	368	1065
1698	23	1705
331	379	2058
1395	190	2661
1172	305	85
915	4611	1263
3333	383	77
118	129	4034
1518	632	1705
209	924	1621
2021	850	2438
3446	8120	5197
1395	403	523
1518	2685	354
1172	552	1025
1452	2863	567
118	2593	601
595	133	2544
555	1100	268
43	2506	625
1817	1298	44
479	551	2546
817	3308	446
719	3123	371
13	327	1607
319	275	2637
1666	23	683
406	107	2109
1104	758	1025
1838	133	3883
555	1374	1346
445	207	217
1488	202	574
1395	23	460
2635	700	1665
655	379	1813
570	2673	37
2716	1029	483
3840	133	653
233	105	1960
98	1008	293
2766	3252	882
240	379	378
1508	398	1960
319	3038	72
414	1100	1673
1027	933	1707
1725	2165	1328
598	1424	72
2151	275	1718
2641	1348	264
1845	305	1476
445	1006	372
570	473	30
65	105	1507
759	805	703
794	551	1844
1027	821	30
1452	369	4467
1581	3290	483
36	368	1031
928	1270	72
1998	383	446
280	1144	1844
1409	3714	112
1716	914	72
48	766	3816
655	275	235
118	322	2477
598	700	378
331	379	642
2189	442	523
508	1066	663
627	338	6509
1056	3352	3883
1172	107	3094
118	1232	723
244	970	72
4	2656	703
290	632	422
859	2601	2502
2597	529	460
233	749	112
1518	905	523
1566	229	2166
759	1688	2166
445	8690	77
3161	5	808
233	229	483
1154	5	110
2640	113	446
1998	224	483
2621	1170	1396
589	529	421
118	57	567
928	4979	1234
928	3306	808
39	583	2885
479	481	567
165	704	52
1151	29	217
1340	774	235
414	63	1507
13	561	4036
570	405	507
319	335	953
1698	529	3732
928	2364	68
445	632	85
566	816	4335
1067	3534	2919
302	317	264
5263	1470	1085
7871	1122	1396
929	632	2166
598	305	1385
479	2951	1385
65	2198	52
589	933	1212
570	2198	862
1329	32	1085
165	170	1282
859	2751	683
165	1100	2187
3134	473	1775
213	169	242
1054	2456	1352
5365	603	235
1998	933	72
1741	583	2017
1042	305	525
1409	4112	251
4407	379	574
213	442	567
555	914	1920
302	4942	264
817	819	5857
39	700	653
1067	1123	625
41	577	72
245	572	78
284	1068	1654
3073	2228	1755
2264	170	653
1877	2601	264
319	67	2860
117	1066	506
508	234	360
502	2141	653
290	1435	258
165	379	868
1184	603	1867
118	829	47
465	368	89
719	1586	1282
1478	405	72
452	379	642
39	1029	125
39	261	3286
2621	63	523
1492	577	1355
655	379	77
304	7066	1628
430	4900	953
555	70	2187
290	1005	2477
213	3208	1507
563	383	263
3084	305	709
1018	1100	1886
1223	2364	300
560	1068	918
555	379	862
118	487	446
1622	2198	264
598	1332	1282
706	322	354
319	275	72
16	303	235
420	133	1282
118	1497	103
39	572	37
1666	275	2650
4966	2996	548
213	1449	507
1042	1013	723
199	552	101
929	2730	258
414	32	902
302	63	1673
6879	481	2702
915	129	72
16	727	1212
452	325	703
1622	1528	371
452	325	574
2476	107	27
43	275	3171
655	5631	2728
118	1853	436
508	383	4269
3119	23	0
928	781	1673
2264	2002	3469
479	379	68
1581	529	258
1947	673	378
2264	577	258
118	749	30
1581	247	2844
5309	325	1059
245	368	282
414	368	5004
39	367	2728
39	2796	990
244	271	1059
555	107	1507
800	905	3281
976	577	625
1018	1144	264
1750	237	399
4387	1005	2276
192	55	574
1395	63	680
1067	67	1755
563	487	372
1452	2569	729
1518	2968	1234
489	32	953
929	50	372
1518	572	523
1684	1855	37
1152	1393	683
319	1392	683
244	1041	567
859	170	653
118	1835	1504
474	583	188
655	383	2472
1751	816	44
302	815	1607
555	379	546
3084	5657	197
560	1144	870
817	1008	1860
479	665	2669
6580	322	225
705	1771	49
116	32	483
301	1112	2869
396	2444	68
479	933	701
724	2573	1705
1816	572	264
1018	1254	1906
929	5	2166
1440	1013	439
118	271	1385
1302	529	37
43	561	4951
4118	1855	242
598	3252	72
570	580	241
1172	305	264
598	583	360
406	305	1307
65	1596	2546
566	317	372
43	234	263
437	2424	1346
3054	204	427
3415	379	446
1172	373	96
290	3362	241
301	298	34
655	63	354
698	5	2166
302	665	682
2716	2704	89
555	32	2067
547	1205	1821
655	2041	30
1306	607	37
724	697	1385
595	247	4703
1751	63	523
146	942	2166
1518	317	567
213	247	1599
555	1110	3957
724	673	251
1223	1605	1867
2260	383	417
1816	25	544
396	154	89
957	603	1453
408	305	904
445	3433	975
555	1179	3171
604	1360	483
817	55	2844
437	529	2774
570	261	293
118	1283	2080
319	552	1234
872	58	883
555	924	354
1816	905	264
256	14	72
929	3522	1328
655	23	360
479	317	264
3779	850	1607
319	32	1607
508	3309	251
1793	317	506
1329	1392	1749
719	274	857
304	442	883
1091	1596	683
9981	419	6788
996	789	85
598	850	574
158	392	378
3300	275	3200
560	3448	27
3791	551	642
290	272	2477
570	5274	2032
655	473	360
4095	615	0
2892	1402	287
859	845	3089
928	1254	2438
595	1068	642
165	1186	1246
16	261	767
3446	130	217
852	700	1844
319	335	926
4144	984	2109
13	815	85
452	303	567
479	1639	263
2621	63	1396
589	2198	258
1998	133	44
722	825	1188
1395	274	990
3238	149	2216
957	318	625
118	711	137
1104	1232	446
3458	328	625
13	2250	713
414	1427	251
148	322	1396
245	274	1199
570	379	1705
2207	398	1085
424	130	1507
2253	4519	5094
775	4094	2193
1817	1144	3587
1452	905	30
570	175	78
118	529	2923
871	845	1705
2200	726	918
1916	2366	808
3724	2511	1025
3084	1286	251
9774	5296	1012
437	247	1140
1223	1570	1705
1595	673	4034
957	1747	360
122	270	2477
5040	70	483
39	368	691
1810	18	1673
928	1688	2276
1816	229	0
479	2392	1755
209	632	2859
165	487	1960
233	170	4248
566	363	2032
1810	901	1119
1050	2857	507
1819	142	506
341	1122	4267
724	23	300
118	379	2684
244	5780	251
302	2044	91
2298	105	1221
1028	376	1352
1947	227	506
3945	1338	523
1702	383	258
2899	1273	372
859	368	1282
118	487	2462
118	933	3171
2748	1486	433
724	3258	1157
1067	942	2546
595	554	723
508	4391	2236
1998	335	72
290	5657	217
775	2685	1705
213	4251	1287
555	5	1059
1515	1283	5094
118	3448	1282
479	665	258
118	667	78
3084	1098	574
244	328	675
3511	4529	242
1244	335	235
508	14	1582
1987	3517	339
452	3581	263
65	673	1705
1018	207	979
655	2041	264
560	120	258
1395	2069	166
2207	67	251
1791	3354	695
319	379	68
41	933	264
518	305	85
560	2019	3559
555	392	434
2937	170	78
1010	1090	3125
775	933	567
3221	133	2771
722	50	2859
3134	63	1755
65	1339	695
2361	2241	2844
148	6167	7038
1018	914	242
4349	4112	85
467	1774	30
245	551	1749
304	1486	1604
215	807	1679
722	57	77
280	1374	446
5409	107	1015
872	191	2684
118	3505	1282
290	207	1755
1518	412	1025
479	3258	3528
1051	1130	2276
598	2935	139
331	7091	2233
331	1360	918
929	25	242
2939	781	30
598	3577	567
7108	1144	1212
65	2870	683
1998	335	1328
604	105	3319
2761	369	767
759	368	1328
2320	2579	258
4095	1160	625
39	804	1425
414	614	747
1302	4041	541
649	23	30
3383	2172	767
3431	914	30
2110	401	262
872	960	121
479	1493	1396
118	22	241
1172	3309	241
1042	32	1101
414	1835	2327
508	933	767
1540	191	669
233	295	263
1581	914	1849
116	398	78
1181	133	990
39	937	4897
1817	383	567
290	305	687
1395	1529	574
244	1392	1865
117	6318	217
43	4050	483
2208	665	683
929	1586	217
118	369	723
319	4152	5231
290	1130	1431
1158	819	2173
1474	708	30
595	3756	574
719	363	1507
117	129	460
182	229	857
929	5	1472
1158	1174	523
2361	322	574
874	617	30
39	3523	2546
244	338	282
859	204	1282
598	328	1187
1249	170	166
319	1949	1426
118	816	2236
1018	603	753
3161	827	990
2207	816	1749
3371	14	324
563	3258	235
2744	1239	683
4610	529	460
560	5267	1065
1409	2698	147
2646	565	0
859	130	574
479	487	1147
2937	2429	786
508	665	3024
719	2511	1221
2552	363	30
1722	1393	663
1067	1465	709
1998	32	485
245	14	34
1152	2506	601
479	368	2771
595	169	1914
1440	2198	112
3487	815	34
100	1449	2438
1172	942	378
13	700	5278
1172	529	95
1223	11	574
13	3338	181
165	63	1582
479	405	112
741	1232	2016
158	1605	1012
1042	442	2780
1089	1946	2317
555	5	225
1067	170	4497
928	317	723
7136	8517	72
929	67	423
814	1220	1599
929	63	30
1817	1338	625
1042	1789	195
7268	603	2156
560	130	37
118	105	344
13	14	2723
5023	924	1425
2234	815	37
39	2039	2862
1893	914	241
547	6454	44
598	592	1282
2742	130	523
65	825	446
2937	67	578
555	1605	1346
4573	3759	567
598	4201	1234
1223	1112	72
928	1122	211
3263	2573	217
118	204	96
319	1029	309
1810	572	360
319	2033	72
1296	2380	3679
2641	5	1450
2939	727	857
555	55	578
1819	227	574
724	2511	1794
13	325	2669
2748	634	574
479	32	2860
1765	815	1246
555	1538	642
928	758	786
244	805	567
390	1477	1844
724	577	1676
3401	247	300
2766	67	1673
1595	473	703
961	325	701
5002	903	85
489	369	574
1329	50	525
2354	1683	1914
655	1348	460
4083	1392	2020
479	2506	536
3458	353	1755
1067	2626	574
1027	23	507
319	605	683
555	261	167
1042	914	1902
1751	1797	506
182	3354	1346
1581	4112	30
36	1635	1
570	1100	85
1229	4732	112
719	405	242
722	572	1902
755	368	1328
817	2245	197
1042	229	68
563	383	2662
280	1295	262
233	317	436
604	1006	2120
2621	398	85
2207	368	1345
8506	23	112
165	379	3254
859	338	523
724	850	3728
4974	572	91
655	67	1328
508	407	544
2752	368	2166
179	580	2657
1922	1529	37
3161	133	683
118	5	1266
284	356	567
598	933	282
560	170	1649
65	133	1065
479	159	1792
917	229	870
4118	1424	72
244	1268	1282
508	2019	468
1998	660	112
2987	665	548
724	1286	285
1542	275	695
48	704	3117
479	2575	1920
595	412	85
508	572	574
13	551	85
1184	4112	264
655	1262	241
199	442	544
595	989	3057
2625	607	883
1711	303	235
1980	352	1705
43	401	5691
48	86	772
118	247	168
1224	32	574
233	338	1263
489	4041	68
1452	3459	1844
1302	933	1065
2442	70	381
290	704	1234
7791	305	683
3084	3505	544
1874	816	258
213	294	1221
4438	3505	439
39	229	625
598	63	3169
566	442	574
245	1494	5548
1409	1797	1280
39	4756	6943
1518	2506	1234
655	807	2728
623	1360	3171
2881	401	2109
39	1052	918
7808	3599	372
741	551	3883
245	561	1484
2399	1635	263
118	924	371
165	1949	574
957	379	1085
4320	1338	2317
566	551	1328
508	1608	360
319	665	839
859	229	360
2939	827	990
555	317	1280
1184	2954	96
1184	914	97
555	6186	225
1057	665	567
2934	1066	544
244	2291	1708
705	3121	112
1340	2312	505
165	2688	181
302	2033	2438
2621	237	1694
1817	2041	85
957	1422	147
117	816	1902
118	2289	217
1104	379	523
722	805	89
722	224	446
420	781	1676
3431	133	2728
1042	4085	264
244	402	4269
1595	603	839
213	130	315
319	766	3193
508	155	683
498	469	235
1544	551	262
570	1954	378
2298	865	69
1313	305	371
655	145	210
302	305	143
1395	1710	381
6276	2228	217
627	105	3008
570	774	882
390	1360	44
2750	373	3298
1817	317	1507
848	3354	483
1711	580	354
1050	367	1346
302	29	2480
319	2312	567
508	1297	263
290	32	676
929	481	3380
16	1448	2636
199	224	2175
1581	478	963
479	67	1425
7808	1222	4607
244	1343	241
655	379	1012
319	632	1085
2621	275	823
290	1639	1196
245	303	258
65	142	483
41	5089	713
1922	2129	72
6098	529	1012
560	551	147
3076	133	372
1224	204	72
179	481	995
1765	2198	428
290	2735	3559
1375	516	77
872	237	3171
1340	2312	2037
1067	634	1282
420	133	1558
1452	105	1580
1223	665	1328
7652	1130	1755
244	1448	1755
630	2123	683
65	317	324
860	516	862
479	1486	4385
1089	2437	404
256	605	242
3078	471	713
1909	305	242
928	1168	440
13	4134	870
595	368	1598
280	403	436
165	876	258
39	3506	4563
4243	442	241
1042	955	885
430	229	264
508	529	723
479	1373	1012
518	105	258
655	4673	446
1395	634	1307
452	368	868
1492	1586	1020
245	3079	544
1595	32	372
589	1013	72
741	1283	1085
555	55	625
2258	234	625
489	1283	0
1329	363	5179
598	1772	360
1581	1435	415
2207	1494	523
39	229	1792
4789	2573	1886
6512	1374	72
445	2072	85
2856	1424	567
1027	401	258
1344	2773	1199
16	105	2649
891	2392	263
2351	2634	112
508	665	622
555	412	2546
244	1592	91
408	572	485
65	3362	1961
817	129	1282
1103	412	1396
555	2704	2017
239	830	1495
233	5	2166
4845	133	37
1518	1433	2020
508	35	371
2442	32	112
118	3505	446
555	1338	808
48	3859	505
1581	2634	703
3299	845	1025
244	204	72
1492	529	242
280	583	85
2485	84	483
2361	478	258
741	487	1396
1158	471	415
390	317	2885
165	967	3125
754	845	77
1395	3062	6586
118	1470	1798
598	51	217
1478	4756	282
39	402	1241
479	2751	767
759	2469	1649
555	4050	258
2640	4673	3060
874	57	404
4366	3893	2032
245	1506	121
508	229	101
4904	700	258
1987	845	857
3112	580	1020
244	2364	691
2476	473	1119
290	2601	2337
302	294	0
1172	23	1025
319	1774	6
213	405	360
3903	905	601
1947	2601	1385
741	368	3952
290	1254	1059
118	363	6261
452	749	78
118	1808	1234
213	819	217
2775	529	523
616	383	446
2351	63	1345
790	2341	85
406	592	78
390	488	263
179	481	1065
406	107	2946
1911	2751	574
118	107	953
331	67	1670
3650	303	483
1518	816	3619
239	1491	121
320	1066	241
655	4900	85
3112	227	601
1998	328	258
2331	2144	1282
1518	204	1282
917	1110	536
6020	2364	3200
852	4756	574
598	363	139
479	3280	3188
1443	632	1632
563	1100	578
5626	1222	883
3461	603	1076
655	2419	1886
705	1360	1101
502	368	4592
3880	700	683
2207	561	683
1050	2212	85
411	487	483
655	379	1173
1329	1470	1844
8496	1122	990
1120	379	78
595	1688	168
2264	2441	1328
6489	1222	2859
719	1647	85
117	1678	72
414	1470	1328
555	2123	360
2590	1541	262
148	2419	218
1042	1608	1507
489	5	1914
996	1068	2166
1660	1949	4762
6427	1239	1234
560	368	263
1706	2198	217
2750	851	567
595	169	3527
13	473	2120
2036	55	544
1980	107	2032
3142	1586	701
1042	369	857
1223	130	166
1054	1638	3241
65	603	802
566	275	574
2440	459	1212
598	136	713
817	2908	3966
1581	247	2860
1508	1688	44
2374	766	1266
406	614	4464
158	2002	78
595	554	460
595	1605	3194
1474	565	1328
722	1066	1554
1184	2954	862
319	905	264
2210	2077	2337
118	914	625
655	130	868
759	3309	1159
467	816	137
7723	4730	1209
2244	766	1598
1847	338	1025
479	50	1221
2114	3407	2302
790	107	258
3096	2968	78
518	4509	713
158	561	417
5619	317	1307
302	4485	625
1523	338	808
928	2198	96
479	368	1580
3446	1068	5094
280	1360	1199
117	667	2480
722	583	1960
3593	580	354
41	565	2104
118	379	1941
535	2506	1352
655	3448	3567
390	32	423
598	5784	544
2374	368	2067
1642	379	1914
1863	1024	669
3076	383	544
39	369	1234
1595	18	868
290	335	4641
1899	322	444
6078	1262	197
390	70	1140
1666	572	2858
2621	368	4459
244	1745	1085
2361	2364	950
929	1586	483
4619	105	753
479	105	1142
3447	481	455
1050	368	703
165	865	446
304	614	418
3757	545	4328
929	1144	1020
179	2419	808
595	667	3125
2987	412	2120
759	330	709
452	1186	836
1027	2656	30
394	1262	242
4095	338	324
817	353	567
1151	572	85
331	673	680
301	237	423
722	4522	315
117	481	709
394	398	241
570	580	1385
649	1427	729
1518	932	2194
859	1427	89
859	303	1396
445	325	34
872	136	112
560	903	446
64	1029	112
616	2735	3271
928	338	143
929	1338	112
508	374	544
616	1470	525
1329	6771	262
1244	2989	5420
1057	577	642
2617	325	188
1787	317	675
165	322	2912
3637	866	703
1540	702	935
1018	403	1316
1067	1928	1234
570	1398	675
302	1393	1385
39	325	1649
1027	368	868
2752	673	714
1042	942	1065
245	3406	2224
240	1712	2017
1375	727	30
817	1232	436
570	1498	6
341	392	378
4870	2034	68
65	130	1914
6383	572	1844
3119	350	112
7375	412	1241
2442	1066	85
39	1596	417
1581	317	241
118	55	2042
108	275	460
4051	487	2017
489	1155	3682
1642	1498	701
6011	144	371
280	379	2081
43	569	1782
547	1626	372
790	5	2187
1711	815	112
722	1008	251
239	572	838
1018	1100	5094
2210	133	567
957	1174	647
118	111	446
741	105	2728
118	305	1058
1395	2444	546
209	379	1582
1443	113	1507
479	1170	1150
1987	338	210
655	2456	1173
479	2343	574
872	227	49
595	271	802
1532	1605	1966
1172	1486	567
3028	829	2544
616	23	4840
39	572	733
118	607	669
1223	5	417
5416	2614	264
2361	5	1303
319	4401	85
290	665	101
897	580	2317
2939	665	2086
2427	51	567
929	113	1705
118	2449	360
1980	1605	258
43	2908	2145
16	2751	575
4946	1486	360
722	317	1015
1909	1672	3117
3572	368	1844
929	845	2017
290	84	78
3260	1123	1065
1184	6931	1352
1594	830	558
48	766	2596
209	67	77
445	1168	483
1158	473	676
1566	603	1101
158	876	218
319	2720	112
4082	2735	3559
13	2751	642
1515	791	990
239	766	264
319	23	7427
2253	821	642
319	305	262
48	1592	1234
1018	1421	990
117	4391	1966
1478	133	446
759	6148	1234
280	247	578
6276	18	680
118	1262	241
301	3258	77
118	572	1942
872	905	4675
3840	1179	523
2635	766	371
394	529	421
1014	2123	683
146	545	2728
3045	111	709
508	903	1234
872	63	588
1289	5346	27
1452	6596	1607
2374	1185	47
928	368	1173
1488	368	2166
929	1427	2404
2028	1348	37
563	1179	372
6841	697	201
5729	727	1628
5960	1734	378
616	367	3271
118	2364	241
1998	812	91
996	5874	263
2372	626	30
118	294	456
253	756	1065
452	577	753
65	303	285
1711	577	567
3593	561	263
319	2773	446
6858	5	300
4082	401	2728
244	481	5475
1172	7009	30
814	5	597
2351	1186	258
2207	443	2478
1395	207	2844
1057	5658	1676
598	2064	336
759	2547	703
467	632	574
48	924	3075
1706	603	147
5654	107	282
213	3505	68
64	1110	1391
1452	317	3720
1989	229	263
463	2688	417
8327	5657	4592
319	2935	78
118	920	2728
508	2041	525
508	572	2178
320	1424	112
1409	3523	2723
319	1493	808
1067	1185	1346
1452	2019	1391
302	1007	1385
16	1470	1466
957	1448	1426
179	905	433
118	572	3619
555	405	241
1837	271	4199
3487	473	703
498	3051	263
555	5240	567
1666	111	574
1184	1174	360
570	2123	1673
2742	3019	1263
13	113	691
3084	133	217
1874	368	3949
598	1898	37
463	2309	30
627	1424	675
43	5784	300
16	545	2107
627	1168	68
1440	383	2317
489	708	262
2320	369	963
437	369	642
672	2468	72
319	4901	1833
301	815	1827
1050	1100	3171
655	667	258
2351	572	30
3840	1438	862
928	368	836
595	2501	241
2971	2239	2032
1876	3019	958
1488	766	1597
2736	55	2187
598	2444	3188
555	2981	72
1518	275	188
508	2034	1119
817	1129	6249
390	2698	1707
508	4606	2236
1581	816	1556
1922	1470	1059
1138	1170	264
5087	367	147
570	1179	713
414	700	8189
1987	170	1212
698	749	30
859	2698	440
319	328	3074
88	322	2565
39	3307	1065
741	1254	300
5619	368	324
244	379	2032
655	1122	1619
302	363	2337
759	1477	263
39	383	167
48	2704	85
627	419	339
482	1435	2233
4821	6901	5375
3301	401	902
1702	551	868
319	4152	862
3084	1098	282
467	572	1824
479	1573	37
598	551	1597
2374	368	427
848	1295	574
859	4377	96
453	113	143
3656	572	567
4967	529	574
319	4694	0
957	1179	703
1042	57	507
2114	4496	371
39	10129	37
1711	516	1345
302	2698	201
1595	5575	663
2207	67	1603
1172	55	1325
118	660	5246
233	529	360
705	4112	1147
1492	829	625
319	603	2860
7871	368	30
598	1486	282
158	1144	262
13	1107	1142
2457	2341	564
1405	374	990
1056	572	1865
1581	229	1833
1249	2444	574
3323	111	2438
3760	3598	30
2106	1596	483
915	129	3792
118	1343	935
31	632	378
2028	3038	112
724	2012	588
280	529	703
158	229	139
118	229	1328
319	63	541
813	903	1755
260	2252	360
957	3258	3271
570	383	1234
165	4288	2017
394	2250	1234
3301	4201	2859
604	50	691
4622	798	364
917	903	121
655	379	1749
244	914	6261
872	145	235
3090	3727	709
874	933	1173
817	2150	72
302	947	378
87	662	669
3084	3051	1282
1581	2198	112
2761	170	541
555	605	3411
13	1378	1396
244	18	1833
724	57	862
1518	1254	358
2899	816	372
239	620	372
39	7182	446
65	1373	1650
209	914	647
4913	577	446
1787	325	91
302	914	1920
1075	488	1328
148	1494	1941
1340	726	544
6089	1008	4348
1765	368	1246
2625	3517	2860
7	1283	1607
118	766	723
3333	317	1929
467	202	625
36	32	3021
3333	2240	263
872	305	1221
465	55	415
4195	224	1773
1998	328	72
390	614	506
2210	766	72
256	2198	625
1067	271	251
165	113	1065
1711	580	4497
118	1098	1897
5307	815	1507
1944	2556	862
1027	914	188
1711	63	1707
2106	2579	262
724	1427	881
319	1122	336
4144	338	446
761	2445	30
1518	561	427
414	700	1142
741	3581	3166
848	2030	2844
39	2044	52
598	236	2032
437	7066	417
1594	711	857
165	4596	85
13	105	3740
1724	1066	1425
2750	8090	446
13	516	6844
280	700	1821
1091	5	1507
4107	3307	483
508	383	188
165	322	4059
2442	317	0
319	1392	2166
290	1774	217
437	105	3085
244	191	1355
4051	632	625
6841	305	201
1409	367	1142
4474	191	4059
118	271	3000
848	23	2480
2106	383	5340
2399	3307	181
1540	398	195
1172	4673	30
479	3098	77
1340	1360	1805
1340	1160	857
319	700	1142
535	529	268
570	305	904
5632	819	37
319	2364	44
2485	1168	3868
3427	815	574
560	1806	378
563	1493	235
2189	845	1821
117	1486	4089
2939	3590	72
1817	1586	691
319	346	5435
1452	202	300
65	556	1101
570	3128	625
2298	23	523
36	3599	44
976	711	506
3458	495	1025
437	554	52
279	303	285
1018	1840	2502
4708	247	1931
3255	2751	703
319	412	197
848	18	258
244	4112	241
233	933	44
1104	303	112
929	933	1280
2320	23	1282
424	481	1367
2750	237	112
3551	2634	642
13	516	2848
479	107	2565
3058	237	52
319	1835	5231
1152	2198	746
199	1524	574
741	1220	197
420	270	263
2621	383	999
555	749	6588
1302	2790	241
430	270	877
4051	338	483
3245	1596	857
3487	2395	372
1947	673	371
2028	1510	1705
2621	3362	683
16	572	30
4066	105	1705
41	379	713
9099	237	315
1184	32	2438
1518	379	591
929	6186	1385
48	401	729
2937	368	642
814	481	574
244	572	2726
1452	2277	44
1289	1620	574
39	606	578
929	382	241
39	2908	372
928	305	1352
4141	815	1607
3412	202	883
2738	469	89
1508	412	2728
5966	1283	85
148	2429	7412
921	368	2058
555	2003	315
1042	6577	264
3899	529	574
759	1126	544
437	4979	263
39	2569	89
2987	2041	300
595	2012	446
1261	1835	4269
100	338	37
498	1130	1234
3880	63	72
1698	317	868
2351	383	324
598	1424	574
563	1586	1865
555	4076	574
3763	130	251
479	914	3085
555	1144	523
1725	105	72
570	1068	188
213	247	258
547	383	262
118	3	597
502	383	2017
463	551	34
775	3362	1749
7174	2034	68
8798	401	1775
118	2449	567
555	18	523
7	615	1325
775	1186	709
2529	3773	2109
2374	28	3021
3161	692	72
2748	572	483
2207	2364	2728
1050	529	3436
3045	326	1290
598	2751	3271
928	373	1282
1181	583	446
3058	63	242
5471	667	166
479	1671	1824
179	4553	44
2588	2289	282
1018	1338	1025
1595	2547	953
928	4050	30
420	191	1597
2106	63	89
1091	572	567
1518	749	181
1953	2569	1920
2939	3154	3966
108	551	1280
39	105	1199
4214	363	217
1244	2575	121
570	1586	1234
2361	1866	990
555	338	6401
463	7641	523
6580	224	263
165	325	262
244	473	2438
3442	325	1649
621	565	1700
165	335	701
1223	111	597
301	1017	1621
2716	1778	242
467	374	2180
65	142	282
874	294	1282
5022	229	918
649	614	3730
4306	305	264
1329	1271	625
474	1596	282
508	804	4034
396	914	2276
3855	403	143
852	890	3966
87	580	143
319	673	315
306	70	544
6326	325	701
2976	1639	417
3084	791	979
1165	275	251
1817	1433	3200
406	325	683
2425	20	882
1987	8737	857
813	903	112
928	1735	1966
43	673	483
394	1498	72
406	1712	3386
48	487	950
560	614	1396
3757	23	1507
290	191	3167
244	2198	713
1452	6596	112
5795	401	483
794	1625	2317
655	1122	235
320	2791	1266
722	4532	1914
7472	1596	680
1329	1771	1556
213	478	990
598	7276	857
479	726	823
244	1800	935
3458	1853	1025
996	545	2159
319	2289	1198
2028	1262	525
817	1745	990
239	1222	2771
452	107	2643
824	275	753
929	1857	30
595	1052	1849
304	1066	1960
2196	317	683
420	2511	4109
463	481	5418
4214	1134	3473
1998	32	1020
118	1538	2544
2881	1975	2638
4082	554	315
3817	487	44
117	369	160
479	2659	4302
1054	471	258
165	845	1929
3593	580	440
1347	552	1966
244	1994	642
1340	369	2224
2200	556	89
915	115	372
996	1379	211
319	1029	428
1698	1179	2544
555	1081	1082
848	2198	354
927	395	8570
759	845	1886
3401	23	439
437	67	1942
1518	774	2236
3333	572	112
1409	807	3250
860	190	1860
3119	113	568
2452	4777	446
775	1174	333
3779	5	1933
843	2342	372
2621	369	3021
1037	1772	210
1302	845	1846
186	1497	2669
508	1528	1981
1027	816	139
7684	105	683
1501	1222	121
2976	379	1749
1223	2444	1413
598	63	188
13	1029	6891
1474	2123	1065
2621	1179	4362
915	845	1507
2331	1771	680
2590	1541	1142
598	246	139
479	933	3962
1725	673	1396
1751	487	1212
158	1360	1085
36	402	1065
1409	7715	1914
244	1336	2765
1149	1006	3883
290	2312	3962
1440	325	753
3054	807	2728
685	207	37
957	1179	918
6028	2366	258
199	3143	786
1223	1497	446
3028	55	2728
319	2916	1673
244	1885	1773
118	1392	2869
555	368	1425
761	671	1234
1544	3599	3254
595	7229	258
759	67	709
302	2364	2636
65	1066	1325
570	2419	1487
3084	5	78
1302	845	567
1289	175	683
3779	572	89
390	2026	1280
65	4721	44
118	2123	96
3496	229	1221
244	1144	926
741	398	27
437	5296	72
100	67	2032
245	1392	975
302	191	1768
1347	12	460
2442	3603	3188
595	1800	3167
518	607	683
1698	1179	180
304	614	3254
4004	1179	990
928	2123	4014
396	551	904
2761	338	2032
244	3759	251
3921	632	808
1457	2250	4897
719	57	258
280	4751	27
319	317	4381
508	726	85
1067	2312	1280
396	325	37
915	914	642
4520	368	523
4192	271	3619
1518	1100	3411
1181	169	4843
4474	3087	91
5359	107	625
2207	603	197
3885	32	378
824	933	372
874	317	982
1067	7261	2728
4280	305	378
6056	247	870
4243	2341	91
2253	86	1833
961	2820	683
1042	18	1476
595	5782	990
655	275	3498
1104	1835	72
158	2111	372
445	237	85
929	1541	723
465	1029	181
1474	363	567
1761	1286	345
424	1486	1346
1838	4694	1914
245	1799	210
848	18	1708
2440	942	723
213	1529	1346
2207	107	625
1788	529	567
957	551	1221
1698	1338	428
848	493	264
1518	914	1238
859	3893	713
965	2944	2728
279	1268	1507
1056	1639	2728
424	1283	802
498	369	2086
655	651	460
43	335	4059
2597	2238	514
3996	105	372
2881	2870	263
872	1123	1355
754	402	3567
5393	665	1280
1877	32	567
7723	229	300
165	8034	574
213	1232	217
790	67	181
165	700	3579
508	667	1212
5022	379	287
508	1800	3883
146	462	2058
498	1068	1161
43	4112	870
365	3019	72
16	1778	1597
192	1343	4183
4243	191	241
319	107	4461
7	383	4267
87	628	68
1320	554	2869
1042	572	241
1452	335	1905
39	398	1012
302	2289	567
2748	632	713
13	317	1727
13	481	2142
498	383	1902
1452	577	324
1018	3311	544
5010	335	85
498	23	3728
598	2409	251
479	1005	112
179	379	7038
1980	1008	258
891	1144	3163
319	3425	30
817	2944	415
302	697	37
118	2301	30
2748	481	2781
2854	55	3254
1518	3517	2173
508	1068	1342
4144	170	701
1998	368	1914
4332	5089	446
3090	2769	3680
1115	226	703
1864	551	1902
118	2277	1020
98	1357	324
1725	133	243
1395	554	4240
555	5143	2728
16	1144	3340
3134	700	3526
1152	2796	1703
655	204	2438
2971	346	1705
118	942	4269
452	50	2224
445	2228	263
722	2289	78
2467	2291	1813
2987	614	541
4974	4201	91
1050	369	1065
3458	2698	1282
560	516	1062
2440	63	1012
319	401	6205
915	766	242
817	373	575
566	2198	258
627	3589	591
655	2579	2546
917	2796	78
724	1956	1025
2207	562	1085
3119	815	125
2683	63	567
87	726	3298
1998	322	1385
408	247	446
759	3019	1346
917	3434	900
2939	1789	2058
848	3610	446
547	708	1773
1010	1066	262
302	305	564
331	383	3868
4277	271	1914
118	1449	446
724	2277	1849
1329	398	112
2440	749	1345
1622	305	183
319	7264	1246
319	2096	713
655	4401	85
437	2573	2233
41	317	2439
598	615	1025
2937	673	1085
8473	5	0
1138	133	7059
3861	1174	37
2621	1448	37
1814	105	2661
39	4901	663
146	1635	1517
672	650	1275
928	1835	4660
2361	1283	348
1003	1608	160
824	379	1844
759	2343	3567
560	63	1280
118	470	1025
4773	442	514
257	1602	2862
1540	23	2636
239	830	1705
2621	617	1910
957	665	935
843	673	3883
13	2579	2546
800	799	268
2372	105	2032
1409	142	1886
1395	63	1182
1329	3252	34
199	363	197
2621	1494	1580
1302	488	241
1802	23	1770
598	3033	1282
1922	23	1860
4268	275	2544
479	1068	2265
13	4528	1844
2485	5	4668
555	1232	3271
319	697	1773
244	5590	85
3447	551	2317
566	1192	1607
2258	107	2318
570	2034	838
741	1006	112
3329	1885	2919
233	3307	1794
3084	2468	72
2372	338	1425
1440	2041	4614
649	2309	1824
1223	288	360
48	363	3966
13	1657	1159
655	2364	372
1172	227	1226
2114	1433	3554
13	379	4879
527	368	1142
100	4251	695
319	901	4840
36	2468	1019
508	1392	1966
302	1647	85
2752	2575	1258
36	572	1902
117	383	740
1698	383	52
1622	2169	703
100	9	37
16	711	2317
602	529	2233
560	63	6826
2399	379	1046
65	8556	857
1018	367	217
761	368	4525
1816	63	241
555	318	436
390	23	44
2783	229	713
41	2735	1266
16	170	1556
1434	903	112
290	1949	558
178	2019	1655
1817	2935	8009
319	1029	1849
7584	105	262
957	985	567
535	105	1234
1684	5362	625
2200	305	7038
