9.604166666666666
8.909090909090908
9.0
9.352941176470589
8.0
8.777777777777779
9.166666666666666
8.857142857142858
8.96124031007752
9.096491228070175
9.333333333333334
10.088888888888889
8.444444444444445
9.333333333333334
9.533333333333333
7.333333333333333
8.88888888888889
8.666666666666666
9.333333333333334
8.859649122807017
9.351681957186544
9.25925925925926
8.75
10.266666666666667
9.45
7.666666666666667
10.0
9.666666666666666
8.820512820512821
9.666666666666666
9.31578947368421
9.291666666666666
9.333333333333334
9.833333333333334
9.346153846153847
9.722222222222221
8.88888888888889
10.19047619047619
9.208333333333334
9.833333333333334
10.0
9.491228070175438
9.41025641025641
8.666666666666666
8.933333333333334
9.181818181818182
10.222222222222221
8.761904761904763
9.373333333333333
9.166666666666666
9.5
8.952380952380953
8.208333333333334
9.666666666666666
9.343434343434344
9.166666666666666
9.666666666666666
7.0
9.5
9.125
9.481481481481481
9.333333333333334
8.666666666666666
9.444444444444445
8.833333333333334
9.24561403508772
8.666666666666666
9.625
9.407407407407407
8.958333333333334
8.805555555555555
9.333333333333334
9.962962962962964
9.151515151515152
10.0
9.666666666666666
9.523809523809524
10.222222222222221
8.976190476190476
9.333333333333334
9.333333333333334
9.88888888888889
8.895833333333334
10.333333333333334
9.444444444444445
9.666666666666666
9.166666666666666
10.0
9.0
9.233333333333333
9.095238095238095
9.0
9.416666666666666
8.80952380952381
9.5
9.166666666666666
9.393939393939394
8.75
9.25
9.11111111111111
9.11111111111111
9.5
9.095238095238095
9.71111111111111
9.466666666666667
9.833333333333334
9.666666666666666
9.166666666666666
9.8
9.382352941176471
9.571428571428571
9.333333333333334
9.24074074074074
8.833333333333334
9.9
9.261904761904763
10.0
9.666666666666666
8.333333333333334
9.666666666666666
9.320512820512821
9.285714285714286
9.175438596491228
9.666666666666666
9.5
9.333333333333334
9.444444444444445
8.88888888888889
9.0
9.555555555555555
9.32638888888889
9.166666666666666
9.34108527131783
8.666666666666666
10.333333333333334
9.25
9.041666666666666
10.666666666666666
8.833333333333334
10.333333333333334
8.333333333333334
9.5
9.144278606965175
9.666666666666666
9.068965517241379
9.694444444444445
9.222222222222221
9.102564102564102
9.6
9.666666666666666
8.5
10.333333333333334
9.485714285714286
8.5
9.333333333333334
8.555555555555555
8.666666666666666
9.38888888888889
9.61111111111111
10.066666666666666
9.333333333333334
8.583333333333334
9.583333333333334
9.666666666666666
9.23076923076923
9.866666666666667
9.401709401709402
9.466666666666667
9.5
9.0
9.2
9.666666666666666
9.5
8.555555555555555
8.666666666666666
9.666666666666666
9.714285714285714
9.0
9.222222222222221
9.435897435897436
9.666666666666666
9.583333333333334
9.666666666666666
7.666666666666667
10.0
9.866666666666667
9.333333333333334
10.0
9.1392
9.0
8.88888888888889
9.5
10.333333333333334
10.166666666666666
9.666666666666666
9.4
9.555555555555555
8.916666666666666
8.955555555555556
9.666666666666666
9.8
9.722222222222221
9.208333333333334
9.303030303030303
9.391304347826088
9.555555555555555
9.929824561403509
9.533333333333333
9.076923076923077
9.23076923076923
9.518518518518519
8.666666666666666
8.777777777777779
8.833333333333334
9.354166666666666
9.401960784313726
9.298245614035087
8.666666666666666
9.176190476190476
10.666666666666666
9.8
9.127659574468085
9.166666666666666
9.666666666666666
9.88888888888889
9.666666666666666
10.333333333333334
9.2
9.333333333333334
9.566666666666666
10.11111111111111
8.5
9.666666666666666
9.857142857142858
9.356060606060606
9.34074074074074
9.333333333333334
9.0
8.818181818181818
10.0
9.5
8.777777777777779
9.666666666666666
9.5
9.535353535353535
10.666666666666666
9.666666666666666
10.055555555555555
9.055555555555555
9.666666666666666
10.0
9.555555555555555
9.237472766884531
9.222222222222221
8.444444444444445
9.37037037037037
9.571428571428571
9.67741935483871
10.0
9.529411764705882
9.407407407407407
9.21985815602837
8.571428571428571
9.38888888888889
10.5
9.366013071895425
9.666666666666666
9.06060606060606
9.303030303030303
8.5
10.166666666666666
9.055555555555555
9.351851851851851
9.411764705882353
9.5
9.333333333333334
9.25
9.777777777777779
8.666666666666666
9.24
9.564102564102564
9.333333333333334
8.833333333333334
9.333333333333334
9.291666666666666
8.833333333333334
8.666666666666666
9.666666666666666
9.5
9.846153846153847
9.0
9.5
9.285714285714286
9.666666666666666
9.208333333333334
10.333333333333334
9.575757575757576
8.866666666666667
9.666666666666666
9.1392
8.666666666666666
9.533333333333333
9.5
9.333333333333334
9.055555555555555
9.0
9.666666666666666
10.0
9.222222222222221
9.666666666666666
9.666666666666666
9.777777777777779
10.333333333333334
9.458333333333334
9.063492063492063
9.844444444444445
9.11111111111111
8.5
9.333333333333334
8.444444444444445
8.166666666666666
9.733333333333333
9.166666666666666
9.454545454545455
8.916666666666666
10.222222222222221
9.5
9.666666666666666
10.166666666666666
9.777777777777779
9.424242424242424
8.666666666666666
9.666666666666666
10.0
9.222222222222221
10.333333333333334
9.333333333333334
9.476190476190476
9.151515151515152
9.333333333333334
10.0
9.944444444444445
9.666666666666666
9.0
9.666666666666666
9.583333333333334
9.2
10.833333333333334
8.966666666666667
9.5
9.545454545454545
10.0
9.6
9.833333333333334
9.333333333333334
9.194444444444445
10.0
10.0
9.666666666666666
8.0
9.93939393939394
7.5
9.8
9.333333333333334
10.333333333333334
9.404761904761905
10.0
9.166666666666666
9.761904761904763
8.88888888888889
9.666666666666666
9.018518518518519
9.156862745098039
9.866666666666667
9.166666666666666
7.5
9.28125
9.0
8.75
9.333333333333334
9.8
9.666666666666666
8.666666666666666
9.208333333333334
10.166666666666666
9.777777777777779
7.833333333333333
8.972222222222221
9.88888888888889
7.666666666666667
10.0
9.5
9.757575757575758
9.666666666666666
9.833333333333334
9.333333333333334
9.277777777777779
9.416666666666666
10.0
9.833333333333334
9.88888888888889
10.5
9.666666666666666
8.666666666666666
9.666666666666666
9.666666666666666
9.0
10.11111111111111
8.333333333333334
9.555555555555555
9.433333333333334
8.555555555555555
8.904761904761905
10.333333333333334
8.666666666666666
10.0
8.444444444444445
9.833333333333334
9.36
10.11111111111111
9.416666666666666
9.090909090909092
10.333333333333334
9.083333333333334
9.166666666666666
9.0
9.444444444444445
9.333333333333334
9.333333333333334
9.333333333333334
9.333333333333334
9.333333333333334
9.36111111111111
9.0
10.333333333333334
9.666666666666666
9.583333333333334
10.166666666666666
9.194444444444445
10.333333333333334
8.666666666666666
8.25
9.833333333333334
8.11111111111111
9.386363636363637
9.4
7.666666666666667
9.041666666666666
9.761904761904763
8.592592592592593
9.222222222222221
8.75
7.166666666666667
9.10077519379845
9.518518518518519
9.170542635658915
8.166666666666666
9.242424242424242
9.8125
8.904761904761905
9.166666666666666
9.266666666666667
9.066666666666666
10.333333333333334
9.38888888888889
8.333333333333334
9.333333333333334
9.474358974358974
9.444444444444445
9.566666666666666
9.88888888888889
9.474358974358974
8.866666666666667
8.555555555555555
10.037037037037036
8.333333333333334
9.333333333333334
9.34375
9.333333333333334
10.5
9.666666666666666
9.777777777777779
9.333333333333334
8.222222222222221
9.333333333333334
8.88888888888889
9.555555555555555
9.833333333333334
9.833333333333334
9.333333333333334
10.333333333333334
9.0
9.777777777777779
8.583333333333334
9.666666666666666
9.722222222222221
9.1875
9.0
10.166666666666666
9.0
8.0
9.666666666666666
9.933333333333334
8.857142857142858
10.333333333333334
9.372549019607844
9.833333333333334
9.0
9.6
9.0
8.11111111111111
9.333333333333334
9.0
10.0
8.833333333333334
9.777777777777779
9.318181818181818
8.555555555555555
10.333333333333334
9.0
9.333333333333334
9.606060606060606
9.866666666666667
8.833333333333334
9.0
9.844444444444445
9.666666666666666
9.333333333333334
9.0
8.933333333333334
9.38888888888889
9.0
9.0
10.555555555555555
9.185185185185185
9.333333333333334
9.166666666666666
8.833333333333334
9.166666666666666
9.833333333333334
9.80952380952381
10.5
9.238095238095237
8.5
10.166666666666666
9.333333333333334
10.444444444444445
9.5
8.944444444444445
9.066666666666666
10.166666666666666
9.2
9.333333333333334
9.333333333333334
9.666666666666666
8.666666666666666
8.5
9.533333333333333
9.666666666666666
8.5
9.916666666666666
9.666666666666666
8.166666666666666
9.777777777777779
9.333333333333334
9.733333333333333
10.0
10.5
9.333333333333334
9.666666666666666
8.875
9.666666666666666
9.38888888888889
9.146031746031746
8.333333333333334
9.166666666666666
9.222222222222221
9.666666666666666
9.166666666666666
8.666666666666666
9.333333333333334
10.333333333333334
9.0
9.083333333333334
9.166666666666666
9.368421052631579
9.208333333333334
9.666666666666666
10.0
7.333333333333333
9.5
9.133333333333333
8.666666666666666
8.25
9.5
9.777777777777779
9.416666666666666
10.166666666666666
8.916666666666666
9.482758620689655
8.666666666666666
9.5
9.61111111111111
9.555555555555555
9.506666666666666
10.2
9.133333333333333
8.333333333333334
9.708333333333334
9.166666666666666
9.5
7.333333333333333
9.404761904761905
9.5
10.0
9.875
9.166666666666666
9.11111111111111
9.333333333333334
9.166666666666666
9.5
9.333333333333334
8.944444444444445
9.88888888888889
8.666666666666666
8.666666666666666
9.666666666666666
9.666666666666666
10.222222222222221
9.2
10.666666666666666
8.88888888888889
10.0
9.0
10.0
6.666666666666667
8.222222222222221
9.466666666666667
9.0
8.333333333333334
10.0
9.1392
9.666666666666666
9.444444444444445
9.555555555555555
9.333333333333334
8.222222222222221
9.083333333333334
8.944444444444445
9.363636363636363
9.333333333333334
9.666666666666666
9.666666666666666
9.291666666666666
7.166666666666667
9.25
9.083333333333334
10.0
8.444444444444445
9.0
9.076923076923077
10.166666666666666
9.5
9.4
10.0
7.0
9.666666666666666
8.88888888888889
10.333333333333334
9.0
9.0
9.0
9.166666666666666
9.0
9.666666666666666
8.75
9.333333333333334
9.444444444444445
9.5
8.666666666666666
9.1392
8.666666666666666
9.413333333333334
9.583333333333334
9.066666666666666
9.444444444444445
9.066666666666666
9.208333333333334
9.11111111111111
9.666666666666666
9.615384615384615
9.333333333333334
9.333333333333334
8.37037037037037
10.0
10.0
9.666666666666666
9.333333333333334
9.166666666666666
9.277777777777779
10.0
9.166666666666666
8.666666666666666
9.88888888888889
9.555555555555555
9.833333333333334
9.380952380952381
10.166666666666666
9.19047619047619
9.444444444444445
10.166666666666666
9.5
9.666666666666666
8.833333333333334
9.833333333333334
9.04
9.88888888888889
8.833333333333334
9.722222222222221
9.533333333333333
9.76923076923077
9.291666666666666
9.833333333333334
10.166666666666666
9.0
8.166666666666666
9.533333333333333
8.666666666666666
9.166666666666666
8.416666666666666
9.666666666666666
10.0
9.428571428571429
9.666666666666666
9.133333333333333
8.166666666666666
9.833333333333334
9.333333333333334
8.93939393939394
9.333333333333334
9.283333333333333
8.166666666666666
8.666666666666666
8.0
9.166666666666666
10.666666666666666
9.11111111111111
9.444444444444445
8.0
10.333333333333334
9.555555555555555
9.151515151515152
9.0
9.166666666666666
8.444444444444445
9.333333333333334
8.583333333333334
9.555555555555555
9.5
9.666666666666666
9.380952380952381
9.066666666666666
9.333333333333334
9.0
9.166666666666666
10.333333333333334
10.666666666666666
9.0
9.333333333333334
9.38888888888889
9.1392
9.333333333333334
8.8
9.333333333333334
9.333333333333334
8.833333333333334
10.142857142857142
8.11111111111111
9.333333333333334
9.555555555555555
10.166666666666666
8.444444444444445
10.11111111111111
10.083333333333334
9.238095238095237
8.166666666666666
8.555555555555555
9.866666666666667
8.8
9.613333333333333
9.0
9.166666666666666
9.017543859649123
9.208333333333334
9.333333333333334
8.777777777777779
9.333333333333334
10.0
9.466666666666667
8.940860215053764
9.543859649122806
8.833333333333334
9.366666666666667
9.833333333333334
9.703703703703704
8.0
7.666666666666667
9.88888888888889
9.88888888888889
10.333333333333334
8.666666666666666
9.208333333333334
9.46376811594203
9.805555555555555
8.083333333333334
9.727272727272727
10.277777777777779
9.666666666666666
8.583333333333334
9.444444444444445
8.666666666666666
9.833333333333334
9.833333333333334
10.166666666666666
10.0
9.166666666666666
8.333333333333334
9.555555555555555
9.166666666666666
10.166666666666666
9.708333333333334
8.555555555555555
9.333333333333334
9.5
9.25
8.948717948717949
10.0
9.666666666666666
9.666666666666666
10.333333333333334
9.722222222222221
9.0
9.666666666666666
9.666666666666666
8.333333333333334
9.833333333333334
9.833333333333334
8.166666666666666
9.0
9.733333333333333
9.444444444444445
10.666666666666666
10.0
8.833333333333334
10.166666666666666
9.0
9.666666666666666
9.222222222222221
9.355555555555556
8.0
8.333333333333334
9.333333333333334
9.25287356321839
8.833333333333334
9.285714285714286
9.583333333333334
9.8
10.333333333333334
9.333333333333334
8.833333333333334
9.166666666666666
10.666666666666666
8.666666666666666
9.0
9.0
8.777777777777779
10.0
9.476190476190476
8.666666666666666
9.583333333333334
9.666666666666666
9.722222222222221
9.777777777777779
7.666666666666667
9.5
9.416666666666666
7.0
8.666666666666666
8.88888888888889
8.5
9.222222222222221
9.666666666666666
9.421052631578947
10.0
9.222222222222221
9.75
9.333333333333334
8.933333333333334
7.166666666666667
9.305555555555555
10.666666666666666
8.166666666666666
9.0
10.0
9.333333333333334
8.555555555555555
9.166666666666666
9.1392
9.018518518518519
9.25
8.666666666666666
9.444444444444445
10.0
9.666666666666666
9.333333333333334
10.222222222222221
9.296296296296296
8.166666666666666
8.833333333333334
8.666666666666666
9.0
9.37037037037037
9.333333333333334
8.777777777777779
9.666666666666666
9.1392
8.125
9.583333333333334
9.833333333333334
7.0
8.133333333333333
9.666666666666666
9.777777777777779
9.666666666666666
10.0
8.166666666666666
8.909090909090908
10.5
10.083333333333334
9.555555555555555
9.266666666666667
9.5
9.0
9.222222222222221
9.166666666666666
9.407407407407407
10.166666666666666
9.333333333333334
8.333333333333334
10.25
7.666666666666667
9.666666666666666
9.333333333333334
9.833333333333334
8.666666666666666
9.333333333333334
9.777777777777779
7.0
9.333333333333334
9.0
9.333333333333334
9.333333333333334
9.833333333333334
9.75
9.666666666666666
8.833333333333334
9.722222222222221
9.833333333333334
9.666666666666666
8.833333333333334
8.666666666666666
10.333333333333334
10.11111111111111
9.166666666666666
9.333333333333334
9.444444444444445
9.75
9.666666666666666
9.2
9.222222222222221
8.666666666666666
8.777777777777779
8.916666666666666
9.88888888888889
9.666666666666666
9.076923076923077
9.444444444444445
9.0
9.5
8.777777777777779
9.26388888888889
8.8
9.666666666666666
10.166666666666666
9.0
9.555555555555555
9.666666666666666
9.0
9.555555555555555
9.88888888888889
9.0
9.833333333333334
8.0
8.88888888888889
9.619047619047619
9.481481481481481
9.291666666666666
7.5
9.5
10.0
8.666666666666666
9.181818181818182
7.666666666666667
9.5
9.666666666666666
8.666666666666666
8.666666666666666
9.166666666666666
9.518518518518519
9.266666666666667
9.444444444444445
9.444444444444445
9.833333333333334
9.833333333333334
9.5
9.666666666666666
9.666666666666666
10.833333333333334
9.333333333333334
10.0
10.0
9.833333333333334
9.333333333333334
9.11111111111111
8.666666666666666
9.444444444444445
9.333333333333334
9.666666666666666
9.333333333333334
9.333333333333334
10.222222222222221
7.833333333333333
8.333333333333334
9.0
8.555555555555555
9.393939393939394
9.75
9.2
9.1392
8.833333333333334
9.5
9.88888888888889
9.541666666666666
9.666666666666666
9.777777777777779
9.666666666666666
8.555555555555555
10.5
9.444444444444445
9.833333333333334
9.444444444444445
9.555555555555555
9.5
8.0
9.166666666666666
9.333333333333334
9.666666666666666
9.166666666666666
9.583333333333334
8.75
9.366666666666667
8.666666666666666
9.444444444444445
9.333333333333334
9.666666666666666
9.0
9.222222222222221
9.571428571428571
8.0
8.80952380952381
9.0
9.777777777777779
7.666666666666667
9.5
9.1392
9.428571428571429
10.333333333333334
9.074074074074074
8.333333333333334
10.166666666666666
9.166666666666666
8.666666666666666
9.666666666666666
9.095238095238095
8.666666666666666
10.0
8.871794871794872
9.333333333333334
9.555555555555555
9.333333333333334
9.0
9.88888888888889
9.0
9.583333333333334
9.0
9.166666666666666
8.88888888888889
10.11111111111111
9.444444444444445
9.333333333333334
8.88888888888889
8.333333333333334
9.333333333333334
9.0
8.933333333333334
9.027777777777779
9.916666666666666
6.666666666666667
9.333333333333334
8.666666666666666
9.5
9.166666666666666
8.666666666666666
8.0
9.1392
8.88888888888889
10.333333333333334
8.222222222222221
8.666666666666666
9.333333333333334
9.333333333333334
9.28888888888889
8.88888888888889
9.0
10.666666666666666
10.333333333333334
9.533333333333333
9.833333333333334
10.0
9.555555555555555
9.222222222222221
9.333333333333334
9.0
9.0
8.666666666666666
9.666666666666666
9.5
10.333333333333334
9.11111111111111
10.0
10.0
9.333333333333334
9.0
9.777777777777779
9.0
9.333333333333334
9.333333333333334
9.75
8.333333333333334
9.833333333333334
9.833333333333334
9.5
10.0
8.333333333333334
9.166666666666666
9.5
8.833333333333334
9.833333333333334
6.666666666666667
9.0
9.666666666666666
9.266666666666667
8.5
7.666666666666667
9.0
9.444444444444445
8.777777777777779
9.666666666666666
9.80952380952381
10.0
10.5
10.666666666666666
10.166666666666666
9.0
9.666666666666666
10.0
10.0
9.61111111111111
10.166666666666666
10.166666666666666
10.166666666666666
10.5
9.0
10.5
9.1392
10.0
9.407407407407407
9.333333333333334
9.833333333333334
8.333333333333334
9.5
9.333333333333334
7.833333333333333
9.166666666666666
10.0
9.1392
9.145833333333334
10.333333333333334
9.666666666666666
10.0
9.19047619047619
9.777777777777779
9.88888888888889
9.333333333333334
10.333333333333334
10.0
9.222222222222221
9.703703703703704
9.555555555555555
8.444444444444445
8.666666666666666
8.666666666666666
9.666666666666666
8.0
9.333333333333334
8.666666666666666
10.333333333333334
9.066666666666666
8.666666666666666
8.666666666666666
7.833333333333333
9.555555555555555
8.833333333333334
9.166666666666666
10.333333333333334
9.0
9.555555555555555
10.0
9.222222222222221
9.433333333333334
9.333333333333334
10.333333333333334
9.666666666666666
9.333333333333334
8.666666666666666
9.833333333333334
9.166666666666666
8.833333333333334
9.333333333333334
8.666666666666666
8.88888888888889
9.1392
9.266666666666667
9.916666666666666
9.666666666666666
9.333333333333334
8.666666666666666
9.666666666666666
8.933333333333334
9.222222222222221
8.333333333333334
9.1392
9.333333333333334
9.555555555555555
9.0
8.666666666666666
9.6
9.5
9.666666666666666
9.666666666666666
8.333333333333334
8.833333333333334
9.571428571428571
9.0
9.833333333333334
9.166666666666666
9.5
9.666666666666666
9.166666666666666
10.333333333333334
9.333333333333334
9.833333333333334
9.75
8.666666666666666
9.0
8.88888888888889
9.416666666666666
10.0
9.666666666666666
9.166666666666666
9.777777777777779
9.444444444444445
8.5
8.277777777777779
9.75
9.666666666666666
9.5
9.333333333333334
9.0
9.166666666666666
9.222222222222221
9.5
9.0
9.666666666666666
8.333333333333334
10.333333333333334
10.0
9.666666666666666
10.222222222222221
7.666666666666667
9.857142857142858
10.5
9.666666666666666
9.666666666666666
8.333333333333334
10.0
11.0
8.333333333333334
8.833333333333334
9.333333333333334
9.333333333333334
9.1392
9.666666666666666
8.666666666666666
8.666666666666666
9.0
10.333333333333334
9.88888888888889
9.0
9.666666666666666
9.777777777777779
9.666666666666666
9.592592592592593
9.166666666666666
7.666666666666667
10.0
8.5
8.722222222222221
10.666666666666666
10.0
9.666666666666666
8.333333333333334
7.833333333333333
9.444444444444445
9.666666666666666
9.1392
8.833333333333334
8.666666666666666
9.222222222222221
9.833333333333334
9.666666666666666
8.666666666666666
8.333333333333334
9.166666666666666
8.833333333333334
9.1392
10.5
9.0
8.833333333333334
9.5
9.0
9.0
8.0
9.833333333333334
9.0
9.666666666666666
9.0
9.166666666666666
8.666666666666666
9.0
8.666666666666666
10.0
10.0
9.666666666666666
10.0
9.38888888888889
10.666666666666666
9.666666666666666
9.333333333333334
8.333333333333334
10.0
10.0
10.0
9.363636363636363
8.866666666666667
10.0
9.80952380952381
8.666666666666666
9.25
9.0
10.0
8.5
10.0
10.5
9.333333333333334
9.833333333333334
9.666666666666666
8.555555555555555
8.533333333333333
10.0
9.333333333333334
9.0
9.666666666666666
9.666666666666666
10.0
9.5
10.0
9.75
9.833333333333334
9.333333333333334
9.666666666666666
9.666666666666666
9.0
9.666666666666666
10.166666666666666
9.666666666666666
10.0
9.777777777777779
9.61111111111111
10.0
9.833333333333334
9.333333333333334
9.333333333333334
10.333333333333334
10.333333333333334
9.333333333333334
8.0
8.5
8.75
9.0
9.833333333333334
10.333333333333334
10.166666666666666
9.333333333333334
8.666666666666666
8.88888888888889
9.166666666666666
10.333333333333334
9.666666666666666
10.166666666666666
7.666666666666667
8.566666666666666
9.833333333333334
9.666666666666666
9.833333333333334
9.166666666666666
9.333333333333334
9.88888888888889
10.666666666666666
10.833333333333334
9.777777777777779
9.88888888888889
9.0
9.333333333333334
9.0
9.916666666666666
9.5
8.88888888888889
10.333333333333334
8.833333333333334
8.88888888888889
10.0
10.333333333333334
10.333333333333334
10.666666666666666
9.666666666666666
9.1392
10.222222222222221
9.583333333333334
8.833333333333334
9.88888888888889
9.666666666666666
9.333333333333334
9.35897435897436
9.833333333333334
10.0
8.444444444444445
8.777777777777779
9.0
9.666666666666666
9.666666666666666
8.833333333333334
9.5
8.833333333333334
8.833333333333334
10.0
9.5
9.5
10.0
8.333333333333334
9.333333333333334
9.777777777777779
9.666666666666666
8.777777777777779
10.333333333333334
8.5
10.0
10.0
10.0
10.0
9.333333333333334
9.166666666666666
9.733333333333333
7.166666666666667
10.666666666666666
10.166666666666666
10.666666666666666
9.333333333333334
9.166666666666666
8.666666666666666
9.666666666666666
9.333333333333334
9.666666666666666
10.666666666666666
10.0
9.555555555555555
9.5
9.5
9.555555555555555
9.333333333333334
9.666666666666666
9.833333333333334
10.166666666666666
10.0
9.166666666666666
9.166666666666666
8.333333333333334
9.11111111111111
9.666666666666666
8.833333333333334
8.833333333333334
9.5
11.0
9.833333333333334
8.5
9.1392
8.333333333333334
10.0
11.0
9.1392
8.833333333333334
9.666666666666666
9.0
9.5
10.5
9.666666666666666
9.466666666666667
9.8
10.0
9.5
8.666666666666666
8.666666666666666
10.0
8.833333333333334
10.166666666666666
9.0
9.416666666666666
9.380952380952381
8.833333333333334
8.11111111111111
10.333333333333334
9.4
8.166666666666666
9.444444444444445
10.333333333333334
9.0
10.0
9.5
9.833333333333334
9.333333333333334
7.333333333333333
8.5
9.11111111111111
9.833333333333334
8.666666666666666
9.666666666666666
9.11111111111111
9.333333333333334
9.0
9.333333333333334
9.555555555555555
7.666666666666667
9.5
9.666666666666666
10.0
9.333333333333334
9.1392
9.166666666666666
8.0
9.0
8.5
9.1392
9.916666666666666
10.444444444444445
10.166666666666666
9.0
9.666666666666666
10.166666666666666
9.5
10.333333333333334
9.533333333333333
9.333333333333334
10.333333333333334
9.666666666666666
8.833333333333334
9.666666666666666
8.833333333333334
9.0
9.0
9.5
9.833333333333334
10.0
10.333333333333334
9.1392
9.0
9.0
8.666666666666666
9.166666666666666
9.333333333333334
8.5
10.0
9.333333333333334
7.333333333333333
10.833333333333334
9.666666666666666
8.866666666666667
9.88888888888889
8.933333333333334
9.333333333333334
10.0
9.5
8.833333333333334
9.666666666666666
8.833333333333334
9.333333333333334
9.166666666666666
7.333333333333333
8.833333333333334
7.916666666666667
8.5
8.666666666666666
10.166666666666666
9.0
8.666666666666666
9.666666666666666
9.166666666666666
9.1392
7.833333333333333
9.833333333333334
9.666666666666666
9.666666666666666
10.222222222222221
8.5
9.777777777777779
9.0
7.333333333333333
9.166666666666666
9.666666666666666
8.833333333333334
7.333333333333333
10.0
9.666666666666666
10.0
8.5
9.833333333333334
10.0
9.5
9.666666666666666
9.666666666666666
9.333333333333334
9.5
7.666666666666667
9.5
9.555555555555555
8.666666666666666
9.666666666666666
11.333333333333334
10.0
10.0
10.333333333333334
7.666666666666667
10.0
10.5
9.1392
9.166666666666666
9.777777777777779
9.666666666666666
9.333333333333334
8.666666666666666
9.1392
9.238095238095237
9.0
10.0
9.0
8.333333333333334
9.0
10.0
9.1392
10.5
9.333333333333334
9.666666666666666
8.666666666666666
10.0
10.333333333333334
9.555555555555555
10.333333333333334
7.833333333333333
7.666666666666667
9.777777777777779
9.0
10.0
8.333333333333334
8.777777777777779
8.166666666666666
9.333333333333334
9.555555555555555
10.333333333333334
9.11111111111111
9.833333333333334
10.166666666666666
8.333333333333334
9.1392
8.0
9.333333333333334
9.5
9.333333333333334
9.0
10.0
10.166666666666666
9.416666666666666
10.0
9.5
8.333333333333334
9.833333333333334
8.833333333333334
10.0
9.833333333333334
8.166666666666666
9.666666666666666
9.88888888888889
10.333333333333334
8.833333333333334
8.666666666666666
9.0
9.833333333333334
9.166666666666666
10.166666666666666
9.166666666666666
10.0
8.0
9.75
10.5
10.0
10.5
10.0
8.11111111111111
9.666666666666666
10.11111111111111
9.833333333333334
9.333333333333334
10.166666666666666
8.444444444444445
9.666666666666666
9.222222222222221
9.166666666666666
9.833333333333334
10.0
8.166666666666666
8.0
9.666666666666666
9.5
9.5
9.666666666666666
9.5
8.333333333333334
10.5
10.0
10.166666666666666
9.166666666666666
9.444444444444445
8.333333333333334
7.5
8.833333333333334
10.166666666666666
10.0
8.777777777777779
8.166666666666666
10.0
8.5
10.666666666666666
9.666666666666666
8.666666666666666
9.666666666666666
9.0
10.0
9.666666666666666
9.222222222222221
9.666666666666666
7.333333333333333
9.1392
10.333333333333334
9.333333333333334
8.5
10.0
8.666666666666666
9.166666666666666
8.333333333333334
8.833333333333334
10.0
8.222222222222221
9.333333333333334
9.5
9.0
7.333333333333333
10.5
9.166666666666666
9.333333333333334
10.166666666666666
9.25
10.166666666666666
10.0
10.5
8.666666666666666
8.333333333333334
9.0
9.0
8.333333333333334
9.666666666666666
10.666666666666666
10.333333333333334
10.0
9.666666666666666
10.333333333333334
9.666666666666666
8.0
9.833333333333334
9.333333333333334
9.333333333333334
9.1392
9.5
8.5
8.333333333333334
9.666666666666666
10.666666666666666
8.666666666666666
10.333333333333334
8.666666666666666
9.88888888888889
9.555555555555555
9.666666666666666
9.666666666666666
8.555555555555555
9.1392
8.0
9.333333333333334
8.5
9.833333333333334
9.666666666666666
10.5
9.333333333333334
9.333333333333334
10.166666666666666
10.5
9.333333333333334
9.333333333333334
8.166666666666666
9.333333333333334
7.333333333333333
8.166666666666666
9.555555555555555
8.0
9.333333333333334
9.666666666666666
9.5
8.666666666666666
9.666666666666666
9.333333333333334
10.166666666666666
10.0
10.666666666666666
8.0
8.666666666666666
9.1392
9.1392
9.666666666666666
8.0
9.333333333333334
10.0
8.333333333333334
9.0
8.666666666666666
8.833333333333334
9.1392
8.333333333333334
8.833333333333334
9.1392
9.5
10.666666666666666
8.833333333333334
9.0
9.666666666666666
8.333333333333334
10.166666666666666
9.666666666666666
9.5
10.0
10.0
9.333333333333334
9.5
9.88888888888889
9.5
9.666666666666666
9.5
8.333333333333334
9.833333333333334
10.166666666666666
8.333333333333334
6.833333333333333
9.166666666666666
7.0
9.833333333333334
9.333333333333334
9.333333333333334
10.333333333333334
9.333333333333334
8.833333333333334
9.333333333333334
9.666666666666666
