1.7291666666666667
2.0757575757575757
2.0
1.6666666666666667
3.0
2.7222222222222223
2.1666666666666665
2.238095238095238
2.007751937984496
2.289473684210526
1.8888888888888888
2.2444444444444445
2.1666666666666665
1.9166666666666667
1.8
2.0
1.6666666666666667
2.5
1.8571428571428572
1.9649122807017543
1.9357798165137614
2.1296296296296298
2.3333333333333335
1.4666666666666666
2.1666666666666665
2.6666666666666665
1.8333333333333333
2.111111111111111
2.0
2.0
2.2280701754385963
2.0208333333333335
2.6666666666666665
0.8333333333333334
2.1666666666666665
1.7222222222222223
2.2222222222222223
1.5714285714285714
1.7916666666666667
1.9166666666666667
1.6666666666666667
2.2982456140350878
1.8717948717948718
2.6666666666666665
2.2666666666666666
1.9696969696969697
2.7777777777777777
1.9523809523809523
2.066666666666667
2.3333333333333335
2.0
1.6666666666666667
2.2083333333333335
1.8
2.080808080808081
3.5
2.1666666666666665
1.6666666666666667
2.0
1.8125
2.1481481481481484
2.3333333333333335
2.0
2.3333333333333335
2.238095238095238
2.0701754385964914
1.6666666666666667
2.2083333333333335
1.7037037037037037
2.0416666666666665
2.0
2.1666666666666665
2.1481481481481484
2.090909090909091
2.0
1.5555555555555556
2.5714285714285716
2.3333333333333335
1.9761904761904763
1.6666666666666667
2.3333333333333335
2.111111111111111
2.2083333333333335
1.0
2.3333333333333335
2.5833333333333335
1.5
1.1666666666666667
1.6666666666666667
1.9666666666666666
2.0
2.1666666666666665
2.1666666666666665
2.0714285714285716
2.0
1.3333333333333333
1.8484848484848484
1.9583333333333333
2.0416666666666665
2.6666666666666665
2.185185185185185
2.0
2.4126984126984126
1.7555555555555555
1.8
2.5833333333333335
1.6666666666666667
2.1666666666666665
1.5333333333333334
2.0294117647058822
1.7619047619047619
2.0416666666666665
2.1666666666666665
2.6666666666666665
2.3333333333333335
2.0476190476190474
2.6666666666666665
2.1666666666666665
1.5
2.3333333333333335
2.0128205128205128
1.9523809523809523
2.082706766917293
1.3333333333333333
1.3333333333333333
1.6666666666666667
1.1111111111111112
2.4444444444444446
1.0
1.6666666666666667
2.0833333333333335
2.1666666666666665
2.046511627906977
3.3333333333333335
2.0
2.1666666666666665
1.9583333333333333
2.0
2.1666666666666665
2.0
2.0
2.6666666666666665
1.9751243781094527
1.1666666666666667
2.0919540229885056
2.0833333333333335
2.4444444444444446
2.128205128205128
1.6
1.75
2.8333333333333335
1.8333333333333333
1.838095238095238
1.5
2.6666666666666665
2.4444444444444446
1.3333333333333333
2.2222222222222223
1.962962962962963
1.8666666666666667
2.111111111111111
2.5833333333333335
1.9166666666666667
2.25
2.1538461538461537
2.1
1.9658119658119657
2.111111111111111
1.7666666666666666
1.75
2.4
1.6666666666666667
2.1666666666666665
2.0833333333333335
4.5
1.5555555555555556
2.0
1.8888888888888888
2.3333333333333335
1.9487179487179487
1.0
2.0833333333333335
1.6666666666666667
3.6666666666666665
2.111111111111111
1.7333333333333334
2.111111111111111
1.4444444444444444
2.2005
2.066666666666667
2.0
1.9166666666666667
2.0
1.3333333333333333
1.75
1.7333333333333334
1.8888888888888888
2.0
2.2333333333333334
1.3333333333333333
1.6
1.9722222222222223
2.1041666666666665
1.9393939393939394
2.0
1.7777777777777777
1.9473684210526316
2.7333333333333334
1.8205128205128205
2.2051282051282053
1.962962962962963
1.6666666666666667
2.4444444444444446
1.6666666666666667
2.125
2.0784313725490198
2.0
2.3333333333333335
2.1333333333333333
1.6666666666666667
2.066666666666667
2.234042553191489
1.3333333333333333
1.6666666666666667
2.2222222222222223
2.0
1.3333333333333333
1.8666666666666667
1.8333333333333333
1.7666666666666666
1.5555555555555556
2.0
1.3333333333333333
1.4761904761904763
1.871212121212121
2.022222222222222
2.1333333333333333
2.888888888888889
1.9696969696969697
1.6666666666666667
2.0416666666666665
2.0
2.0
1.6666666666666667
1.9141414141414141
1.7777777777777777
2.111111111111111
1.7777777777777777
2.0555555555555554
2.1666666666666665
2.0
1.8518518518518519
1.9891067538126361
2.3333333333333335
2.5555555555555554
1.9259259259259258
1.7619047619047619
1.7634408602150538
1.5
1.8627450980392157
1.962962962962963
2.120567375886525
2.0952380952380953
2.1296296296296298
0.8333333333333334
2.052287581699346
2.0
2.0606060606060606
2.393939393939394
2.1666666666666665
1.5
1.8888888888888888
1.7222222222222223
2.0
2.6666666666666665
2.4722222222222223
1.9166666666666667
1.5555555555555556
1.5555555555555556
1.96
2.128205128205128
1.5
1.5
2.6666666666666665
1.375
2.1666666666666665
2.3333333333333335
2.3333333333333335
1.8333333333333333
2.0
2.2
2.1666666666666665
2.1587301587301586
2.0
1.9166666666666667
1.0
2.0606060606060606
1.5333333333333334
2.1666666666666665
2.2005
2.1666666666666665
2.2
1.7777777777777777
2.5
2.0555555555555554
1.9583333333333333
2.142857142857143
2.1666666666666665
2.111111111111111
1.5
1.8333333333333333
2.0
1.0
2.0833333333333335
1.992063492063492
1.9777777777777779
2.3333333333333335
2.8333333333333335
2.3333333333333335
1.7222222222222223
2.5
1.5333333333333334
1.9444444444444444
2.0303030303030303
2.2083333333333335
1.2222222222222223
1.3333333333333333
1.6666666666666667
2.0833333333333335
2.2222222222222223
1.878787878787879
2.4166666666666665
2.6666666666666665
2.238095238095238
2.4444444444444446
2.0
2.0
2.380952380952381
1.878787878787879
1.6666666666666667
2.0
1.8333333333333333
1.9166666666666667
2.5555555555555554
2.6666666666666665
2.3333333333333335
2.2
1.8333333333333333
2.433333333333333
2.3333333333333335
1.878787878787879
2.4444444444444446
2.0
2.0
1.1666666666666667
2.2222222222222223
1.3333333333333333
2.5555555555555554
1.9166666666666667
2.1666666666666665
1.4545454545454546
2.5
1.3333333333333333
1.3333333333333333
2.0
2.0476190476190474
1.2222222222222223
2.0
1.6666666666666667
2.0
2.0833333333333335
2.212962962962963
1.9215686274509804
1.4666666666666666
2.0
2.0
1.9166666666666667
2.1666666666666665
2.4166666666666665
2.111111111111111
1.8
1.8333333333333333
2.3333333333333335
2.3333333333333335
2.0
1.7777777777777777
3.1666666666666665
1.6944444444444444
1.2222222222222223
4.333333333333333
2.0
1.1666666666666667
2.242424242424242
1.3333333333333333
1.5
1.6666666666666667
1.2222222222222223
1.1666666666666667
2.3333333333333335
1.8333333333333333
1.6666666666666667
2.1666666666666665
1.75
2.3333333333333335
1.6
2.0
1.8181818181818181
1.8888888888888888
2.5714285714285716
1.9444444444444444
2.033333333333333
2.0
1.7619047619047619
1.5
2.037037037037037
1.6666666666666667
2.5555555555555554
1.8333333333333333
2.1866666666666665
1.4444444444444444
2.125
1.9393939393939394
1.3333333333333333
2.3333333333333335
2.6666666666666665
2.0
1.3055555555555556
1.0
1.5
2.466666666666667
2.1666666666666665
2.8333333333333335
1.9722222222222223
2.6666666666666665
3.0
2.3333333333333335
1.8333333333333333
1.8333333333333333
2.0
1.8333333333333333
2.0
2.25
1.4166666666666667
2.0
1.871212121212121
1.9333333333333333
2.0
1.9583333333333333
1.8571428571428572
2.3333333333333335
2.4444444444444446
1.6666666666666667
2.5
1.8682170542635659
2.037037037037037
2.0
2.3333333333333335
2.272727272727273
1.7083333333333333
2.6666666666666665
2.1666666666666665
1.7333333333333334
1.8666666666666667
1.0
1.9444444444444444
2.75
1.9047619047619047
2.08974358974359
1.6666666666666667
1.6666666666666667
2.2222222222222223
1.8205128205128205
2.0
1.6666666666666667
1.6296296296296295
2.1333333333333333
2.3333333333333335
2.3020833333333335
2.0
1.8333333333333333
1.6666666666666667
2.111111111111111
1.7878787878787878
2.4444444444444446
1.8095238095238095
2.5555555555555554
2.2222222222222223
2.1666666666666665
1.3333333333333333
1.8888888888888888
2.0
2.6666666666666665
1.6666666666666667
1.9166666666666667
1.6666666666666667
2.0555555555555554
2.1041666666666665
2.4166666666666665
1.3333333333333333
1.3333333333333333
1.8333333333333333
1.0
1.6
2.1904761904761907
2.0
1.9803921568627452
1.6666666666666667
2.3333333333333335
2.088888888888889
2.3333333333333335
2.111111111111111
2.6666666666666665
2.0
1.8333333333333333
2.5
1.3333333333333333
1.994949494949495
2.2222222222222223
1.0
1.7878787878787878
2.0
1.696969696969697
1.8666666666666667
2.3333333333333335
2.8333333333333335
2.111111111111111
1.3333333333333333
1.6666666666666667
2.4166666666666665
1.9333333333333333
1.7777777777777777
2.3333333333333335
2.111111111111111
1.6666666666666667
1.6296296296296295
2.0
2.0
1.6666666666666667
1.3333333333333333
1.8333333333333333
2.0
2.5
2.4285714285714284
2.5
2.1666666666666665
2.0
2.0
2.1666666666666665
2.2222222222222223
2.1333333333333333
2.0
2.3333333333333335
1.6666666666666667
2.533333333333333
1.6666666666666667
3.0
1.8333333333333333
1.9333333333333333
2.0
2.1666666666666665
1.75
1.6666666666666667
1.5
1.9444444444444444
2.2222222222222223
1.8666666666666667
1.2222222222222223
1.6666666666666667
1.9333333333333333
1.8333333333333333
2.3333333333333335
3.0
1.9722222222222223
2.0507936507936506
2.3333333333333335
2.8333333333333335
2.111111111111111
2.3333333333333335
3.3333333333333335
2.3333333333333335
3.0
1.6666666666666667
2.4285714285714284
1.9166666666666667
2.5
1.912280701754386
2.0833333333333335
1.3333333333333333
2.1333333333333333
2.0
1.0
2.066666666666667
2.5
2.5
1.5
1.8333333333333333
1.5833333333333333
1.3333333333333333
2.5833333333333335
1.8160919540229885
3.0
1.6666666666666667
2.0
1.9444444444444444
2.08
2.0
2.2666666666666666
2.0
1.9583333333333333
1.6666666666666667
2.3333333333333335
3.8333333333333335
1.9761904761904763
1.8333333333333333
1.3333333333333333
2.2083333333333335
1.875
1.9444444444444444
2.2
2.1666666666666665
1.9
1.6666666666666667
2.0
2.0
2.6666666666666665
2.6666666666666665
1.3333333333333333
2.0
2.111111111111111
2.1333333333333333
1.6666666666666667
2.2222222222222223
1.6666666666666667
2.6666666666666665
1.3333333333333333
2.3333333333333335
2.2222222222222223
1.8
2.0
2.2222222222222223
1.6666666666666667
2.2005
1.5555555555555556
2.111111111111111
2.3333333333333335
2.4444444444444446
1.5555555555555556
2.0
2.388888888888889
1.8181818181818181
2.0
1.6666666666666667
1.8888888888888888
1.8333333333333333
1.8333333333333333
2.3333333333333335
2.1666666666666665
1.1666666666666667
2.4444444444444446
2.8333333333333335
2.0
1.8333333333333333
2.0
1.75
1.4166666666666667
2.3333333333333335
1.6666666666666667
2.0
1.7777777777777777
2.1666666666666665
2.6666666666666665
2.3333333333333335
2.2083333333333335
2.0
2.0
2.0
2.0
1.6666666666666667
1.8333333333333333
1.5
2.2005
2.6666666666666665
1.8666666666666667
1.4166666666666667
1.8933333333333333
2.0
1.9333333333333333
1.9166666666666667
2.4444444444444446
1.3333333333333333
1.6666666666666667
2.1666666666666665
3.0
2.037037037037037
2.0
2.3333333333333335
1.5
3.5
2.0
1.8888888888888888
1.3333333333333333
1.8333333333333333
2.6666666666666665
2.111111111111111
2.111111111111111
2.3333333333333335
1.8571428571428572
1.6666666666666667
2.0833333333333335
0.8888888888888888
1.6666666666666667
1.8333333333333333
1.5
1.3333333333333333
1.3333333333333333
2.3866666666666667
1.3333333333333333
1.8333333333333333
2.1666666666666665
1.4666666666666666
2.051282051282051
1.7083333333333333
1.5
1.5
0.8333333333333334
2.3333333333333335
1.9333333333333333
2.3333333333333335
2.0
2.25
1.6666666666666667
1.1666666666666667
2.7142857142857144
2.0833333333333335
1.8666666666666667
2.3333333333333335
1.8333333333333333
2.5
2.6363636363636362
2.3333333333333335
2.0166666666666666
2.4166666666666665
1.8888888888888888
2.5
2.6666666666666665
2.6666666666666665
2.2222222222222223
1.8444444444444446
3.6666666666666665
2.1666666666666665
1.1111111111111112
2.1363636363636362
2.3333333333333335
2.0
2.5555555555555554
2.6666666666666665
2.0833333333333335
2.037037037037037
2.1666666666666665
1.6666666666666667
2.238095238095238
2.6666666666666665
1.8333333333333333
1.3333333333333333
1.0
1.8333333333333333
1.6666666666666667
2.8333333333333335
1.3333333333333333
1.8333333333333333
2.2005
2.0
2.2666666666666666
1.6666666666666667
2.1666666666666665
2.5
1.9047619047619047
2.4444444444444446
2.0833333333333335
1.6666666666666667
3.0
2.6666666666666665
1.5
1.6666666666666667
1.8095238095238095
2.8333333333333335
1.7777777777777777
2.2
2.3333333333333335
1.96
2.3333333333333335
1.6666666666666667
1.912280701754386
2.0
2.0
2.111111111111111
1.5555555555555556
2.6666666666666665
1.9333333333333333
2.21505376344086
1.7017543859649122
2.0
1.7
1.5
2.074074074074074
2.3333333333333335
2.1666666666666665
1.7777777777777777
1.5555555555555556
1.8333333333333333
1.6666666666666667
1.875
2.130434782608696
1.6666666666666667
2.4166666666666665
1.7272727272727273
2.2222222222222223
1.8333333333333333
2.1666666666666665
2.5555555555555554
1.5
1.6666666666666667
1.5
1.5
2.0
1.5
2.0
1.7777777777777777
1.6666666666666667
1.6666666666666667
1.9583333333333333
2.5555555555555554
1.8333333333333333
2.0
1.75
2.264957264957265
2.3333333333333335
1.6666666666666667
1.7222222222222223
2.0
2.1666666666666665
2.6666666666666665
1.6666666666666667
2.2222222222222223
3.3333333333333335
2.6666666666666665
1.8333333333333333
2.0
2.3333333333333335
2.066666666666667
2.6666666666666665
1.8333333333333333
2.0
2.1666666666666665
2.6666666666666665
2.0555555555555554
1.1666666666666667
1.7777777777777777
2.2222222222222223
2.5
3.6666666666666665
2.0
1.7586206896551724
2.6666666666666665
1.8571428571428572
2.388888888888889
1.8
1.5
2.6666666666666665
2.1666666666666665
1.5
2.5
2.8333333333333335
2.6666666666666665
2.3333333333333335
2.888888888888889
2.0833333333333335
2.3333333333333335
1.3333333333333333
1.75
2.3333333333333335
1.7222222222222223
1.6666666666666667
3.3333333333333335
1.1666666666666667
1.7083333333333333
1.6666666666666667
1.3333333333333333
2.3333333333333335
3.5
1.8888888888888888
2.0
2.017543859649123
2.5
2.6666666666666665
1.7083333333333333
1.4444444444444444
1.9
1.8333333333333333
2.25
0.8333333333333334
4.0
2.3333333333333335
1.8888888888888888
1.6666666666666667
2.6666666666666665
2.5555555555555554
2.2005
2.1296296296296298
1.8333333333333333
1.6666666666666667
1.6666666666666667
1.8888888888888888
1.7777777777777777
2.0
1.8333333333333333
1.9259259259259258
3.0
1.3333333333333333
2.0
2.0
2.1481481481481484
1.3333333333333333
2.2222222222222223
2.6666666666666665
2.2005
2.25
1.75
2.1666666666666665
3.0
2.466666666666667
1.3333333333333333
1.2222222222222223
1.8333333333333333
2.0
2.0
2.1515151515151514
1.5
1.4166666666666667
2.4444444444444446
1.6
1.1666666666666667
1.7777777777777777
1.8888888888888888
1.5
2.1481481481481484
1.5
1.6666666666666667
2.3333333333333335
1.9166666666666667
3.0
2.6666666666666665
2.066666666666667
1.5
2.6666666666666665
1.8333333333333333
2.111111111111111
3.1666666666666665
1.8333333333333333
1.8888888888888888
1.6666666666666667
1.6666666666666667
2.0
1.9166666666666667
2.0303030303030303
2.1666666666666665
1.7777777777777777
2.8333333333333335
1.3333333333333333
2.1666666666666665
1.3333333333333333
2.3333333333333335
1.7777777777777777
2.5
1.8333333333333333
1.2222222222222223
1.9166666666666667
2.0
2.2
1.7777777777777777
1.8333333333333333
2.3333333333333335
1.6666666666666667
1.8888888888888888
1.6666666666666667
2.076923076923077
2.888888888888889
1.6666666666666667
1.8333333333333333
2.6666666666666665
2.0833333333333335
2.4
2.6666666666666665
1.3333333333333333
1.6666666666666667
2.2222222222222223
2.2222222222222223
1.5
2.3333333333333335
1.5555555555555556
2.0
1.1666666666666667
2.6666666666666665
2.5555555555555554
1.9523809523809523
1.962962962962963
2.0416666666666665
2.1666666666666665
2.5
2.0
2.3333333333333335
1.8636363636363635
2.3333333333333335
2.0
2.0
2.0
2.6666666666666665
1.5
1.8888888888888888
2.3333333333333335
2.5555555555555554
1.6666666666666667
1.6666666666666667
2.0
1.8333333333333333
1.6666666666666667
1.3333333333333333
2.0
2.0
2.3333333333333335
1.8888888888888888
1.3333333333333333
3.0
2.4444444444444446
2.3333333333333335
2.4444444444444446
2.0833333333333335
1.2222222222222223
1.6666666666666667
1.6666666666666667
2.2222222222222223
2.0
2.3333333333333335
2.3333333333333335
2.4444444444444446
1.9090909090909092
1.9583333333333333
1.8333333333333333
2.2005
1.8333333333333333
2.5
1.2222222222222223
1.9791666666666667
2.0
1.4444444444444444
1.3333333333333333
2.5555555555555554
1.5
1.6666666666666667
1.3333333333333333
1.3333333333333333
1.962962962962963
1.8333333333333333
2.3333333333333335
2.1666666666666665
3.0
1.0
1.8333333333333333
2.0
2.1666666666666665
1.9666666666666666
2.8333333333333335
1.6666666666666667
1.6666666666666667
2.5
1.0
1.4444444444444444
2.142857142857143
2.0
2.238095238095238
1.8333333333333333
1.8888888888888888
1.3333333333333333
1.8333333333333333
2.2005
2.142857142857143
4.0
1.7037037037037037
2.3333333333333335
1.75
1.5
1.3333333333333333
1.6
1.7142857142857142
2.6666666666666665
1.6666666666666667
2.1025641025641026
2.3333333333333335
1.8888888888888888
1.9696969696969697
1.3333333333333333
1.4444444444444444
1.5
2.0277777777777777
2.6666666666666665
1.0
3.0
1.6666666666666667
1.7777777777777777
1.3333333333333333
1.8888888888888888
1.6666666666666667
2.0
1.0
2.7333333333333334
1.9444444444444444
1.5
2.0
2.8333333333333335
2.4444444444444446
2.1666666666666665
3.0
1.6666666666666667
2.1666666666666665
2.2005
1.8888888888888888
2.1666666666666665
2.4444444444444446
1.6666666666666667
2.0952380952380953
2.2222222222222223
2.088888888888889
2.0
2.6666666666666665
1.0
2.0
1.6666666666666667
2.0833333333333335
1.0
1.6666666666666667
2.0
1.6666666666666667
2.4444444444444446
3.0
2.75
1.3333333333333333
2.1666666666666665
2.6666666666666665
1.8888888888888888
2.5
2.0
1.6666666666666667
2.0
2.2222222222222223
1.6666666666666667
1.8333333333333333
2.3333333333333335
1.9166666666666667
1.3333333333333333
1.3333333333333333
1.6666666666666667
1.6666666666666667
1.7777777777777777
1.8333333333333333
2.2222222222222223
2.0
1.8333333333333333
1.3333333333333333
3.6666666666666665
2.6666666666666665
1.6666666666666667
1.4666666666666666
3.3333333333333335
2.0
1.6666666666666667
1.9259259259259258
2.111111111111111
2.6666666666666665
1.7142857142857142
1.8333333333333333
2.1666666666666665
1.0
2.1666666666666665
1.8333333333333333
3.3333333333333335
2.0
1.6666666666666667
2.2222222222222223
2.0
2.0833333333333335
2.1666666666666665
1.8333333333333333
2.3333333333333335
1.5
2.2005
1.6666666666666667
1.8148148148148149
1.0
1.3333333333333333
2.5
2.1666666666666665
2.1
3.0
1.6666666666666667
1.6666666666666667
2.2005
2.4583333333333335
2.1666666666666665
1.6666666666666667
1.8888888888888888
1.8333333333333333
1.4444444444444444
2.0
1.8333333333333333
2.0
1.6666666666666667
1.7777777777777777
2.3703703703703702
2.2222222222222223
2.888888888888889
1.4444444444444444
2.5
1.6666666666666667
2.6666666666666665
1.4444444444444444
3.3333333333333335
2.0
2.2666666666666666
2.6666666666666665
1.6666666666666667
2.8333333333333335
1.8888888888888888
2.1666666666666665
1.8333333333333333
1.5
2.5
2.2222222222222223
1.3333333333333333
2.888888888888889
2.4
2.2
2.0
2.3333333333333335
1.3333333333333333
2.2222222222222223
1.5833333333333333
2.3333333333333335
1.8333333333333333
2.5
2.5555555555555554
1.5555555555555556
2.2005
2.6
2.3333333333333335
1.5
2.6666666666666665
2.1666666666666665
1.6666666666666667
2.7333333333333334
1.3333333333333333
2.3333333333333335
2.2005
1.7777777777777777
2.5555555555555554
2.1666666666666665
1.0
2.066666666666667
2.0
1.3333333333333333
2.0
2.6666666666666665
2.8333333333333335
2.1904761904761907
1.6666666666666667
2.1666666666666665
1.6666666666666667
2.1666666666666665
1.8333333333333333
2.0
2.0
1.6666666666666667
1.9444444444444444
1.5
2.3333333333333335
2.5
2.111111111111111
2.25
2.0
1.3333333333333333
1.8333333333333333
1.6666666666666667
3.2222222222222223
2.0
2.388888888888889
1.4166666666666667
2.0
2.6666666666666665
2.3333333333333335
1.8333333333333333
1.6666666666666667
2.111111111111111
1.6666666666666667
1.8888888888888888
2.0833333333333335
3.0
1.6666666666666667
2.1666666666666665
2.0
2.2222222222222223
3.0
1.5714285714285714
1.5
2.3333333333333335
1.0
2.3333333333333335
2.1666666666666665
2.0
1.3333333333333333
1.6666666666666667
1.8333333333333333
4.0
2.2005
2.3333333333333335
1.6666666666666667
2.4
1.6666666666666667
2.0
1.1111111111111112
2.0
2.1666666666666665
2.3333333333333335
3.0
1.8518518518518519
2.6666666666666665
2.0
1.3333333333333333
2.1666666666666665
1.7222222222222223
2.0
1.6666666666666667
2.466666666666667
2.0
2.1666666666666665
1.6666666666666667
2.6666666666666665
2.2005
2.6666666666666665
1.8333333333333333
2.0555555555555554
1.5
1.0
2.5
3.1666666666666665
1.8333333333333333
2.125
2.2005
1.8333333333333333
2.6666666666666665
1.6666666666666667
2.5
2.1666666666666665
2.4444444444444446
3.0
1.6666666666666667
2.0
1.3333333333333333
1.6666666666666667
2.1666666666666665
1.6666666666666667
1.0
1.8333333333333333
2.3333333333333335
1.6666666666666667
2.6666666666666665
1.3333333333333333
2.0555555555555554
1.5555555555555556
1.6666666666666667
2.1666666666666665
2.6666666666666665
2.3333333333333335
2.3333333333333335
2.3333333333333335
1.8484848484848484
2.4
1.6666666666666667
1.7619047619047619
2.3333333333333335
2.0833333333333335
1.6666666666666667
1.4444444444444444
2.5
1.6666666666666667
2.0
2.3333333333333335
2.5
1.6666666666666667
2.6666666666666665
1.8
1.5
1.8888888888888888
1.6666666666666667
2.3333333333333335
1.75
1.8888888888888888
2.0
1.6666666666666667
1.6666666666666667
1.1666666666666667
1.6666666666666667
1.7777777777777777
2.0
2.0
1.5
2.3333333333333335
2.2083333333333335
1.8333333333333333
2.888888888888889
2.2777777777777777
2.3333333333333335
2.1666666666666665
2.3333333333333335
2.0
1.8333333333333333
1.3333333333333333
2.0
4.333333333333333
2.1666666666666665
2.6666666666666665
1.5
1.1666666666666667
2.0
2.0
2.3333333333333335
1.6666666666666667
2.111111111111111
1.75
2.1666666666666665
1.5
1.8333333333333333
2.6666666666666665
2.466666666666667
1.6666666666666667
1.6666666666666667
2.1666666666666665
2.1666666666666665
2.6666666666666665
2.111111111111111
2.0
1.1666666666666667
2.6666666666666665
2.0
2.5
2.0
2.2222222222222223
1.1666666666666667
1.875
2.6666666666666665
1.6666666666666667
2.0
2.111111111111111
1.6666666666666667
1.0
2.3333333333333335
1.3333333333333333
1.0
2.2005
2.111111111111111
1.8333333333333333
2.1666666666666665
2.0
1.5
0.8333333333333334
1.8717948717948718
2.0833333333333335
1.0
2.111111111111111
1.7777777777777777
1.8333333333333333
2.0
1.5
1.8333333333333333
2.8333333333333335
2.6666666666666665
2.0
2.0
1.5
2.4166666666666665
2.5
2.0
2.0
1.6666666666666667
2.1666666666666665
2.111111111111111
1.6666666666666667
2.3333333333333335
1.5555555555555556
2.25
1.1666666666666667
2.0
2.0
1.3333333333333333
2.0
2.0
2.0
1.6666666666666667
2.6666666666666665
1.6666666666666667
1.6666666666666667
1.6666666666666667
2.1666666666666665
2.0
2.1666666666666665
2.0
1.3333333333333333
1.6666666666666667
2.3333333333333335
1.5
1.4444444444444444
1.0
1.8333333333333333
2.0
1.5
1.3333333333333333
1.8333333333333333
1.5
2.111111111111111
1.8888888888888888
2.3333333333333335
1.8333333333333333
1.5
1.5
1.3333333333333333
2.3333333333333335
1.8333333333333333
2.2005
3.0
2.1666666666666665
1.0
2.2005
2.4166666666666665
3.111111111111111
1.8333333333333333
1.5
1.6666666666666667
1.5
2.2666666666666666
2.0
2.1666666666666665
1.5
3.3333333333333335
1.8333333333333333
1.6666666666666667
1.5
1.6666666666666667
2.0
1.5
1.6666666666666667
2.5
1.8888888888888888
1.6666666666666667
1.7333333333333334
2.5
1.6666666666666667
1.6666666666666667
2.5
1.8333333333333333
2.0
2.5
1.6666666666666667
2.0
2.0
1.6666666666666667
1.5
1.5
2.8333333333333335
1.6666666666666667
1.6666666666666667
1.8333333333333333
1.6666666666666667
2.2222222222222223
2.8333333333333335
1.5
0.6666666666666666
1.0
1.5
2.2005
1.5
2.6666666666666665
2.5
2.0
2.2005
1.75
2.5555555555555554
2.1666666666666665
2.0
2.2222222222222223
1.8333333333333333
1.3333333333333333
2.3333333333333335
2.0
1.6666666666666667
1.0
2.0
1.6666666666666667
1.8333333333333333
2.3333333333333335
2.5
1.6666666666666667
2.1666666666666665
2.0
1.6666666666666667
1.6666666666666667
2.2005
1.6
2.6666666666666665
3.3333333333333335
1.5
1.6666666666666667
2.8333333333333335
1.3333333333333333
1.3333333333333333
3.0
1.6666666666666667
2.5
1.5333333333333334
1.8888888888888888
2.066666666666667
2.1666666666666665
1.3333333333333333
1.5
2.6666666666666665
1.5
2.0
1.6666666666666667
3.0
2.6666666666666665
1.3333333333333333
2.25
2.3333333333333335
2.8333333333333335
1.3333333333333333
2.0
1.3333333333333333
1.4444444444444444
2.5
2.2005
2.3333333333333335
2.1666666666666665
2.5
1.8333333333333333
1.4444444444444444
2.0
2.3333333333333335
2.3333333333333335
2.3333333333333335
2.3333333333333335
1.3333333333333333
2.3333333333333335
3.0
1.5
2.3333333333333335
1.1666666666666667
2.1666666666666665
1.8333333333333333
2.3333333333333335
2.1666666666666665
1.3333333333333333
1.6666666666666667
1.6666666666666667
1.8333333333333333
1.8333333333333333
1.8333333333333333
1.4444444444444444
1.6666666666666667
2.0
2.3333333333333335
1.3333333333333333
1.4444444444444444
3.3333333333333335
2.0
1.8333333333333333
2.3333333333333335
2.2005
1.8333333333333333
2.0
1.5
3.0
2.2222222222222223
2.2005
2.1904761904761907
1.3333333333333333
2.0
2.4444444444444446
3.3333333333333335
2.3333333333333335
1.3333333333333333
2.2005
1.6666666666666667
1.8888888888888888
1.6666666666666667
1.8333333333333333
2.3333333333333335
1.6666666666666667
2.0
1.1666666666666667
2.3333333333333335
3.0
1.6666666666666667
2.6666666666666665
1.3333333333333333
2.111111111111111
1.7777777777777777
2.0
1.6666666666666667
1.5555555555555556
1.3333333333333333
1.6666666666666667
2.5
1.0
2.1666666666666665
2.2005
3.6666666666666665
2.0
1.5
2.3333333333333335
2.0
1.5555555555555556
1.8333333333333333
1.8333333333333333
2.3333333333333335
2.1666666666666665
1.8333333333333333
1.8333333333333333
1.8333333333333333
2.1666666666666665
1.3333333333333333
2.8333333333333335
2.0
1.2222222222222223
1.3333333333333333
1.8333333333333333
3.1666666666666665
1.8888888888888888
1.8333333333333333
2.0
1.5
2.5
2.0
1.8333333333333333
2.3333333333333335
1.5
2.0
1.6666666666666667
1.6666666666666667
1.6666666666666667
2.5
2.0
2.5
2.5
2.1666666666666665
2.3333333333333335
1.3333333333333333
2.2222222222222223
2.1666666666666665
2.1666666666666665
0.6666666666666666
2.3333333333333335
2.0
2.0
2.0833333333333335
2.5
1.6666666666666667
2.1666666666666665
1.6666666666666667
1.8333333333333333
1.8333333333333333
1.6666666666666667
2.0
2.111111111111111
2.5
2.0
2.3333333333333335
1.6666666666666667
2.3333333333333335
2.5555555555555554
2.0
1.6666666666666667
2.1666666666666665
0.8333333333333334
2.3333333333333335
2.3333333333333335
2.0
4.0
1.3333333333333333
1.3333333333333333
1.5555555555555556
1.6666666666666667
2.6666666666666665
2.2005
3.0
1.6666666666666667
1.6666666666666667
2.0
2.0
2.5
2.5
2.0
2.0
2.4444444444444446
2.6666666666666665
1.5
2.8333333333333335
3.0
2.0
3.5
1.5
3.0
2.0833333333333335
1.3333333333333333
1.5
2.1666666666666665
1.8333333333333333
2.3333333333333335
2.5
1.3333333333333333
2.6666666666666665
2.6666666666666665
2.0
1.6666666666666667
1.6666666666666667
1.7777777777777777
2.3333333333333335
1.5
2.0
2.1666666666666665
2.1666666666666665
2.3333333333333335
2.2005
2.3333333333333335
3.3333333333333335
1.8333333333333333
1.6666666666666667
3.3333333333333335
2.0
1.0
1.6666666666666667
2.0
2.4444444444444446
1.6666666666666667
1.6666666666666667
1.4444444444444444
2.2005
2.3333333333333335
2.3333333333333335
2.0
2.0
2.3333333333333335
1.0
2.3333333333333335
3.6666666666666665
1.8333333333333333
1.6666666666666667
1.6666666666666667
1.6666666666666667
4.0
1.8333333333333333
4.0
1.8333333333333333
1.3333333333333333
3.0
1.1666666666666667
1.6666666666666667
2.1666666666666665
1.6666666666666667
2.6666666666666665
1.5
1.3333333333333333
2.2222222222222223
0.6666666666666666
2.0
2.0
2.2005
2.2005
1.3333333333333333
2.8333333333333335
1.6666666666666667
1.6666666666666667
2.5
2.6666666666666665
1.1666666666666667
1.8333333333333333
2.2005
2.3333333333333335
3.5
2.2005
1.5
0.8333333333333334
1.6666666666666667
2.8333333333333335
1.3333333333333333
2.5555555555555554
1.6666666666666667
1.8333333333333333
2.0
2.8333333333333335
2.1666666666666665
1.3333333333333333
2.1666666666666665
1.5555555555555556
1.8333333333333333
2.3333333333333335
2.5
2.5
1.8333333333333333
1.0
2.6666666666666665
1.8333333333333333
2.6666666666666665
4.666666666666667
2.0
1.6666666666666667
1.6666666666666667
1.6666666666666667
2.3333333333333335
1.0
2.8333333333333335
3.0
