421	928	1
424	171	290
292	615	737
292	303	1408
424	141	1057
279	586	189
447	106	842
279	345	228
524	431	1299
424	650	23
292	116	1
142	37	189
102	586	2107
319	644	1213
524	660	1097
191	776	228
1445	1696	189
479	24	1054
524	422	23
292	505	4
447	650	290
188	650	1
1378	360	416
524	158	23
1514	260	297
851	431	531
444	626	4
292	572	103
84	113	737
1445	1048	290
524	185	1
212	156	297
763	116	816
403	116	23
524	24	1
651	281	236
1326	113	228
1378	1610	68
279	431	290
447	1398	228
292	178	4
524	1141	370
524	242	68
292	1141	290
188	242	290
212	24	229
851	1033	23
732	360	323
421	24	23
69	345	685
1445	1649	149
871	296	785
404	2007	461
524	234	228
447	178	103
367	1512	290
479	303	23
444	83	254
212	542	222
819	627	228
1445	242	189
524	83	103
977	453	290
444	505	23
1062	429	68
444	156	428
403	199	1240
929	422	477
75	422	236
1378	1787	254
524	640	114
142	242	68
1378	1550	149
292	626	1240
871	171	785
524	24	290
524	1237	239
864	640	290
1326	360	290
524	327	254
155	1438	1097
447	138	1
421	134	149
292	198	59
846	374	114
125	165	290
212	2390	114
173	83	74
524	1112	189
421	281	1
692	26	290
1445	644	434
403	912	290
142	129	951
1445	1347	1465
421	650	959
319	644	189
279	650	428
421	116	114
292	113	59
292	141	634
142	627	1
851	650	1
279	24	1
1021	386	416
403	386	189
524	1792	816
925	644	737
367	1347	883
403	158	428
292	137	467
424	543	816
424	806	254
403	806	103
1445	83	239
292	462	290
292	604	290
403	116	68
413	24	1
223	627	634
223	626	228
292	626	228
1178	422	947
887	512	23
142	327	1380
1445	359	290
524	162	104
212	478	1
1445	242	228
292	260	290
403	134	290
279	386	461
851	463	428
292	1620	4
142	542	68
447	327	297
403	478	149
424	442	103
1822	171	222
1326	113	290
524	453	23
819	327	290
142	630	1
524	1343	4
1378	478	290
125	660	720
524	178	737
125	137	103
444	589	59
985	1032	114
279	137	115
479	626	290
212	360	290
84	178	114
524	487	297
524	650	151
212	422	290
169	627	254
851	178	297
653	1959	634
413	185	68
292	660	290
539	288	74
524	650	2069
1426	327	149
929	156	1240
401	650	884
142	137	228
403	754	634
447	242	3707
102	360	23
444	384	114
1205	1792	68
403	453	103
424	627	515
424	626	114
379	122	23
2914	532	1
292	604	23
479	156	114
142	626	68
368	650	428
524	153	297
319	2230	149
142	478	149
212	604	1240
279	452	23
524	26	150
212	626	290
887	137	114
444	21	290
715	627	290
447	928	1
479	242	103
292	198	1
279	83	74
142	386	228
447	658	290
1378	327	59
444	178	290
169	644	222
421	650	28
444	623	104
403	684	228
403	129	1097
1178	83	228
1022	156	290
524	462	1529
524	296	149
1074	1716	74
212	626	114
142	1407	629
887	487	231
155	406	1097
212	113	1
524	116	189
524	650	228
142	928	149
404	431	236
292	156	1
444	575	445
279	778	1163
125	626	634
1378	545	1
851	158	23
368	178	885
524	26	103
169	747	222
403	156	297
447	178	23
212	650	297
430	242	194
447	171	552
403	797	941
142	589	428
444	327	228
524	262	103
292	532	1686
851	199	239
212	627	629
142	806	228
444	650	1
403	242	1213
447	137	114
524	778	634
403	650	1
292	26	23
1445	650	290
1138	178	114
485	2009	290
84	487	737
301	198	1213
279	134	114
524	327	629
524	24	1200
447	26	1675
851	2390	434
191	627	1
539	626	228
367	650	290
212	1555	228
887	178	290
292	912	228
292	442	290
846	327	428
169	141	629
447	627	2359
1028	650	189
929	452	189
368	116	428
539	1679	254
212	24	290
223	8	195
142	134	561
212	912	149
191	83	1
292	626	1
403	141	290
223	242	228
279	327	297
1031	184	290
403	178	68
539	270	1
125	843	290
929	1141	533
1426	51	23
142	242	228
1694	1112	1
985	573	189
212	747	1
292	242	189
2990	586	461
292	650	149
368	487	68
2815	1112	228
4489	141	1
279	242	629
403	184	951
539	156	23
447	1173	96
223	113	737
1364	178	1331
279	327	290
1031	141	228
3674	134	290
321	178	323
191	1112	1097
212	234	685
524	412	189
653	24	1409
524	1815	290
279	327	629
421	116	103
401	1550	239
2869	429	114
421	116	59
212	26	68
403	327	490
403	1141	941
1138	360	290
1378	726	1529
284	644	2325
292	360	1408
1031	604	290
142	429	1
403	156	254
763	327	1192
485	178	103
528	158	23
524	627	4
1445	749	1
524	354	74
223	627	629
142	116	149
479	627	23
142	644	68
524	542	552
292	650	389
424	1649	1442
871	626	785
672	138	290
1031	178	290
212	234	68
292	776	1380
713	137	23
424	1318	290
367	234	1408
401	726	23
212	303	2107
368	640	1111
524	487	68
651	83	290
846	327	68
819	512	501
84	630	297
338	627	629
424	178	816
2064	912	1240
292	260	236
142	386	629
524	431	23
524	64	297
1022	945	1
2356	626	68
279	532	290
1028	650	1
1127	116	59
292	296	1
1745	178	370
1709	604	842
985	386	1
169	141	816
1190	1737	290
2064	156	1
279	478	434
2012	627	149
524	327	1
524	640	290
292	242	23
1031	158	236
577	1245	290
1062	650	74
403	3464	189
444	442	222
2682	644	290
524	141	289
524	83	23
447	432	290
142	451	634
279	422	297
444	478	290
524	650	290
421	178	737
524	586	290
864	650	23
331	627	883
424	928	236
279	137	114
1031	806	103
851	675	290
846	660	290
319	586	149
524	432	1388
2922	604	997
447	806	149
142	113	222
1326	199	228
2095	627	103
142	345	1380
125	384	290
401	360	1
340	1792	1380
479	2246	222
142	345	467
985	83	1
1445	116	515
524	137	231
651	327	149
864	185	195
2990	586	228
1021	24	1
524	5	68
1235	626	1675
479	1355	737
212	198	228
851	171	74
403	422	23
279	650	461
403	178	290
1326	116	634
524	452	290
292	589	1
1088	242	461
444	431	114
524	360	730
651	412	428
292	1033	103
819	138	290
188	431	3305
421	650	189
279	134	290
1445	589	23
447	1141	629
401	542	2107
279	431	52
2110	242	1
444	51	23
1803	185	23
524	684	370
292	24	114
524	178	1174
368	134	239
169	589	228
223	431	68
524	1141	114
985	386	290
292	650	737
1178	303	23
444	431	68
524	116	1881
292	303	467
846	120	629
447	806	446
1060	45	239
485	806	114
1445	431	59
279	327	239
188	120	103
368	589	290
651	345	103
142	1078	1
212	1910	1
1445	627	239
1028	505	23
524	431	236
368	327	1
447	1956	236
1160	185	737
524	604	737
524	260	114
1378	2987	103
292	1281	290
212	199	254
1031	2700	114
522	660	114
1326	604	149
169	327	1
292	746	467
1028	605	1
403	626	254
430	626	149
292	137	1
1378	178	883
1031	627	228
809	113	629
447	360	290
524	4266	290
142	726	68
524	604	114
125	83	145
1364	543	1
279	487	23
142	650	103
1326	650	151
1378	260	145
524	422	59
424	487	74
930	644	1
84	431	23
1326	778	74
871	178	785
2064	320	1
930	462	103
1445	650	428
279	431	236
447	1141	1
763	778	228
524	969	149
403	260	103
379	650	1783
1178	1198	290
524	83	59
2914	542	149
1031	327	428
539	198	941
807	512	74
292	422	370
902	83	1097
169	1141	785
1426	778	501
447	129	290
2544	478	23
1482	327	236
1364	660	239
403	640	1489
985	475	23
1391	604	149
321	296	290
2012	626	149
1364	275	23
871	376	23
524	640	68
1426	532	149
651	156	941
279	690	1213
985	521	23
401	1048	1254
1445	132	236
403	260	461
447	627	4
212	20	23
524	234	941
524	843	290
223	360	228
279	604	290
279	912	1380
306	178	492
1022	129	290
212	56	103
142	1407	533
413	198	634
292	1701	1
1062	178	23
142	1141	149
142	134	1881
444	327	23
292	260	1097
1445	360	997
651	747	114
524	281	68
292	627	194
279	386	445
528	113	68
368	650	290
1027	116	737
447	2581	685
444	260	189
421	912	1097
1062	806	228
2475	586	290
292	650	4
1445	451	103
1482	431	737
524	627	1174
524	327	1409
1138	386	254
1021	315	195
479	945	23
292	650	103
292	207	103
447	137	59
403	141	68
125	260	816
1031	532	114
524	116	428
1031	542	254
292	1367	23
524	650	297
485	626	149
1248	690	149
1822	260	149
1160	260	951
1031	542	290
413	650	1
169	626	254
479	20	23
368	137	23
142	198	231
524	360	23
466	137	74
279	422	114
1998	113	1
1138	684	236
2036	116	434
212	227	68
292	604	1
169	658	189
379	779	629
1031	116	566
84	1112	290
871	650	189
306	1620	68
292	650	428
713	627	59
1772	441	290
403	1239	290
424	660	59
1248	626	68
1088	650	68
1235	184	290
142	487	222
819	260	236
485	120	195
930	690	271
413	376	68
212	260	16
292	640	461
466	330	195
522	386	1054
1022	156	685
403	83	68
479	660	236
142	386	1
284	746	68
831	650	68
713	178	785
651	327	323
413	532	68
223	206	1
823	327	239
108	650	23
1445	2323	1
825	505	370
524	275	103
403	431	59
524	116	194
524	234	149
1248	623	2109
1445	242	297
368	2912	490
1364	260	239
1445	1258	290
279	262	816
292	1104	236
851	573	149
447	242	290
2053	650	389
548	650	247
292	199	290
403	171	228
524	1503	1
292	156	34
292	260	68
524	650	497
851	604	290
142	650	68
212	644	428
524	83	239
142	684	229
279	586	428
421	806	59
524	512	103
849	431	785
226	650	428
292	487	1
342	242	1240
292	532	461
279	165	103
403	178	1240
447	1367	290
212	650	105
169	684	445
173	627	467
1364	627	290
524	116	68
292	431	2359
223	2882	228
403	1153	951
142	345	228
871	542	68
851	422	1213
142	422	883
985	26	549
1445	1784	254
1364	586	103
819	671	195
142	2240	149
212	627	883
292	604	149
142	134	103
1521	1112	4
1378	242	785
524	196	254
444	270	634
403	644	189
142	1357	737
444	586	23
321	650	428
1031	24	290
1178	156	290
642	627	290
1378	178	1717
403	422	236
403	604	737
142	451	1
142	431	68
421	171	785
1326	178	290
155	158	1
1378	782	222
403	21	737
292	1940	290
524	178	461
401	207	947
2914	1336	151
424	156	737
524	452	1380
577	626	149
522	185	68
142	303	1240
403	650	561
421	158	389
692	156	428
1364	431	23
583	422	228
188	327	103
142	684	68
279	969	114
1445	178	428
1062	207	1
379	137	816
284	129	1
1445	594	290
142	260	629
367	542	149
713	116	239
279	422	566
524	431	297
846	1239	290
807	113	1
367	18	290
887	431	735
849	650	428
142	246	68
212	113	68
524	116	229
424	650	149
1348	327	629
1178	327	149
864	422	370
142	627	68
279	604	1174
1031	113	23
306	660	239
367	113	370
1022	640	290
424	154	290
321	138	290
1326	806	1409
292	797	149
292	419	239
524	178	4
479	650	290
851	431	290
292	627	149
1028	138	370
524	1525	356
292	386	239
212	630	149
1205	746	104
985	431	1119
444	644	297
1028	626	228
1378	660	189
444	199	239
368	912	461
1247	156	103
401	626	290
447	178	145
1031	141	353
539	360	634
479	631	428
503	303	1
226	451	228
292	24	566
142	242	686
524	1525	610
403	1784	239
851	650	239
864	156	297
539	83	228
2411	650	74
485	83	195
1326	442	239
352	626	356
292	360	96
1088	660	490
479	852	239
528	116	23
142	931	228
524	134	1111
447	640	552
1445	627	114
524	296	114
1028	650	222
1445	604	1039
2053	185	103
142	327	228
688	360	254
1378	1679	2212
292	156	290
1028	1438	1442
22	431	59
368	451	290
142	431	59
1445	242	114
279	532	239
142	586	445
212	288	1
279	778	1
1062	327	228
84	360	239
169	586	1
368	1033	290
1445	392	629
672	627	290
292	386	103
125	178	290
2514	928	63
479	462	290
292	650	1174
1021	626	1
479	627	629
887	156	1
142	1141	68
871	158	23
524	604	236
142	431	228
142	198	1240
524	660	290
444	178	222
102	315	195
715	650	228
191	330	222
212	83	23
424	156	655
1813	726	383
424	630	1
444	627	68
444	345	1213
485	327	290
403	626	114
248	650	634
2990	134	239
851	51	1511
524	429	1380
102	207	23
1429	1407	629
212	806	467
524	327	229
1378	141	59
688	1913	951
524	690	23
3410	275	1
1378	626	1
524	797	1409
212	376	23
292	113	289
1248	626	1
763	156	290
71	24	428
1521	134	103
292	762	290
142	697	59
524	116	1
142	726	222
212	604	566
142	51	445
142	2581	68
212	627	239
1062	422	151
713	134	737
421	1555	114
292	345	131
102	141	1717
851	1232	239
279	185	114
226	660	951
401	345	59
292	626	1218
292	345	229
524	24	484
1482	650	816
1445	1281	114
1429	487	629
444	660	552
292	532	254
1378	156	101
524	327	149
577	384	290
212	626	428
188	303	1
292	242	103
524	604	297
292	690	103
1445	626	103
279	626	1
851	1033	239
786	198	629
524	1797	1
169	755	1240
226	726	228
1160	486	228
688	431	149
142	1438	149
1178	431	103
1062	650	149
831	650	228
485	26	290
292	521	239
522	360	370
142	589	737
212	432	428
524	354	785
142	690	883
1364	589	222
212	1737	239
524	650	236
403	627	68
292	604	737
319	627	114
851	452	2109
292	1141	428
887	281	566
651	532	236
1364	422	222
1021	542	356
524	178	290
279	542	552
413	912	629
2231	644	477
985	156	149
421	604	23
379	452	236
1028	586	290
871	185	149
1429	260	228
1138	573	290
447	303	324
1378	604	515
447	260	467
292	1367	68
524	95	1097
524	24	428
1326	478	290
279	806	68
292	586	289
1021	260	389
524	156	1097
212	1318	239
403	442	1
851	452	23
212	1048	189
2922	113	1
155	1033	228
871	650	1675
401	431	189
524	627	785
292	198	951
212	589	103
871	626	428
1326	83	59
524	432	445
142	360	1615
421	260	1097
403	21	290
763	478	461
864	20	290
292	442	685
292	242	816
142	626	634
485	724	1
403	1141	428
2053	116	149
851	660	1
1378	797	1213
1482	640	290
212	376	290
524	2009	239
1326	1033	74
524	754	941
424	1649	816
846	156	1213
524	234	339
479	178	103
279	120	1465
284	684	1
279	345	68
403	442	290
524	852	1213
479	106	195
379	234	720
292	626	1299
1364	360	290
1429	178	68
125	432	290
22	156	1
212	722	290
672	604	150
651	137	297
1514	749	189
1374	422	297
212	360	1655
447	650	297
142	107	434
1326	431	1
851	327	951
212	180	23
292	1099	103
524	650	2193
421	171	1
292	604	114
447	198	1675
985	156	290
292	178	114
447	422	149
404	644	290
1654	627	228
2807	376	290
403	452	149
1364	327	290
403	422	416
1445	1786	23
421	116	23
212	262	461
292	419	131
1378	156	389
524	650	104
212	156	2073
321	56	114
819	604	434
444	904	290
292	1589	445
447	20	297
871	650	4
577	660	23
929	650	222
651	17	290
807	240	114
169	198	1409
864	330	264
3289	116	428
1021	354	951
279	684	290
279	360	1
692	327	236
1031	207	883
142	2323	68
929	903	1
1031	360	96
1028	281	290
401	376	194
1138	627	1097
819	138	23
142	586	68
1028	462	228
1364	2298	290
421	134	290
985	24	290
292	604	189
2660	650	189
887	431	1267
715	650	461
403	178	389
292	912	935
401	779	149
524	156	1152
851	615	290
279	478	449
403	806	561
1445	242	149
479	330	189
169	360	737
125	296	114
651	116	23
524	234	111
403	21	103
279	184	23
524	113	1380
447	1696	297
166	542	361
524	360	290
212	2581	290
524	512	629
651	432	23
539	327	103
1374	604	290
403	650	236
1772	107	1465
444	138	290
1445	242	103
522	422	600
2004	129	1
524	156	461
1138	690	1240
851	776	195
292	185	68
223	113	1
1022	478	236
403	198	1
292	171	2247
421	650	428
188	371	2109
401	604	1
223	626	1030
2064	626	23
421	158	1365
524	327	1097
2064	640	290
292	116	737
279	453	297
292	604	236
403	345	533
403	463	114
367	17	103
212	575	239
524	303	92
292	21	149
989	185	501
212	184	290
173	478	149
125	660	59
1160	604	254
142	330	28
142	260	68
284	137	467
75	141	1174
485	1525	610
84	116	290
851	116	236
82	747	297
874	327	297
212	116	61
479	199	68
321	514	428
403	156	114
367	532	685
1326	327	428
292	650	1218
819	422	1
524	242	131
444	1913	23
368	631	1097
819	431	290
1445	185	23
1445	660	428
188	260	149
524	660	23
524	1649	236
1378	178	4
292	1629	634
125	650	1
524	747	735
2815	650	913
1707	260	189
1022	178	1213
713	1347	1
125	462	991
1445	451	730
338	83	74
424	116	236
1445	242	52
447	2714	222
403	626	3128
279	184	735
846	266	1097
403	432	189
292	156	389
1364	327	297
1413	442	28
1364	626	1524
292	604	59
292	463	222
430	640	68
524	422	816
379	141	23
292	604	461
539	747	103
142	1877	228
368	242	1240
929	242	477
522	422	461
125	806	297
188	627	461
473	431	1
292	604	194
279	1087	1213
279	178	461
84	1112	389
823	129	23
368	806	239
479	604	236
279	626	239
522	328	1408
934	281	149
212	1525	445
447	586	1
142	650	222
713	207	149
1326	158	552
292	782	103
279	640	461
22	262	290
528	1649	290
1028	660	4
980	327	290
1135	158	290
713	432	23
503	138	68
1475	360	228
763	2912	23
485	327	566
1062	604	290
212	650	4
292	422	4
188	1815	290
524	650	40
403	1875	151
401	451	2109
524	658	1054
851	463	461
22	258	629
279	258	23
292	8	68
524	20	1
338	650	805
864	178	883
524	696	4
524	422	236
284	386	290
102	604	103
284	1239	737
925	644	1
479	178	96
703	384	1
1445	644	951
524	640	428
142	1264	1
212	542	28
849	90	114
338	746	1174
524	779	290
188	626	1240
212	158	649
3053	660	290
279	134	189
524	626	434
479	660	23
71	242	239
1445	260	103
1062	242	254
929	627	1
1031	627	239
403	640	997
982	242	68
577	604	428
548	627	228
1494	487	1
279	156	297
524	512	2720
279	386	428
169	327	228
444	296	236
851	258	74
403	129	114
1426	360	239
212	604	23
379	129	1409
421	2882	1
292	345	149
169	1343	228
447	806	1
1445	327	23
1378	327	531
188	456	231
401	156	389
2110	45	1
212	462	297
846	660	114
292	113	737
292	386	149
142	178	222
819	478	297
401	505	428
319	650	290
212	185	290
212	626	1
421	95	297
125	1649	913
421	604	239
279	184	816
524	113	59
292	627	1
2922	1877	228
524	791	290
846	296	297
485	171	149
846	650	104
524	422	493
368	1318	1213
2624	178	236
524	185	114
539	258	195
212	806	59
403	141	625
485	178	434
424	627	1174
102	1033	290
524	431	805
479	265	1
169	627	1
292	660	150
212	185	1
338	2323	1049
321	327	816
899	242	290
524	20	239
851	8	501
1326	1692	228
292	26	685
125	26	389
169	1792	816
1326	327	461
212	258	290
485	627	1240
292	521	461
851	199	290
713	360	610
292	627	816
1475	478	23
1445	386	785
319	260	189
223	1472	610
1326	303	103
403	178	549
672	26	59
1521	806	290
851	660	428
985	129	290
1160	26	59
292	270	59
503	83	2107
539	1239	74
279	1452	195
763	327	428
1445	156	428
212	158	428
524	386	149
653	2581	297
479	747	239
212	24	4
403	755	59
444	627	445
403	2170	149
403	345	2302
1445	928	445
1028	219	189
212	327	997
871	327	254
84	1141	785
447	452	1097
1062	90	1
985	24	23
368	137	68
524	512	445
470	451	370
485	604	1054
413	260	1
524	26	149
479	1792	239
84	171	23
524	1773	222
1627	626	254
319	116	883
338	644	38
292	303	228
401	178	4
2717	138	1
2914	1112	74
403	924	228
1445	116	737
757	116	23
155	137	289
306	650	492
403	452	236
1803	327	2107
447	532	339
212	360	461
985	242	785
292	521	1893
403	1438	59
887	158	149
1445	660	23
1521	178	428
819	626	290
2110	604	1097
279	627	236
447	1264	114
825	83	629
279	327	686
868	626	68
1326	893	290
169	912	254
528	650	114
169	604	720
2053	24	23
212	376	68
212	178	685
292	512	103
539	185	254
284	242	103
403	604	1240
851	345	23
524	451	239
524	260	59
279	327	254
403	650	229
169	113	68
212	113	629
223	242	686
485	185	629
524	675	68
1259	116	785
424	260	257
125	242	1174
524	178	913
226	327	23
985	178	323
524	2633	236
819	24	655
524	2838	951
69	141	1254
989	660	149
223	589	737
191	747	74
444	178	370
1521	650	428
985	327	737
403	1542	290
292	134	1686
444	116	290
279	627	289
403	640	1380
479	1173	1150
864	650	297
379	360	228
188	986	228
424	945	114
851	242	1
379	327	434
1326	563	629
292	431	59
102	627	461
188	171	290
447	360	1329
864	1347	1
292	452	149
1326	512	149
929	422	149
851	412	228
444	650	785
522	627	356
819	604	1686
1326	360	737
444	178	189
447	650	7
279	451	228
331	185	149
524	1877	96
279	855	1
653	288	228
819	345	461
444	650	445
1378	472	290
421	327	941
368	116	1465
102	83	74
169	626	59
102	174	59
1031	422	114
1426	1048	370
2815	660	59
125	1614	74
1445	242	370
3219	113	222
851	327	450
125	1112	74
279	171	1380
403	184	23
930	1589	149
479	532	114
577	542	883
223	1398	951
401	650	753
447	317	461
367	660	356
1088	242	816
2299	431	1
142	2999	68
319	627	883
2786	726	23
447	626	4
479	178	236
1475	158	685
524	384	23
1028	345	228
447	425	23
223	113	189
633	260	114
1364	1099	461
479	360	4
447	178	247
524	627	325
479	905	23
279	260	114
522	1048	4
1445	604	434
1627	327	290
524	640	390
368	178	4
1378	392	290
1138	660	96
292	275	1368
479	178	290
524	627	101
485	116	239
539	627	149
142	386	997
1021	627	228
279	182	389
125	8	501
404	1281	4
212	296	1097
1060	116	290
403	116	41
846	799	383
403	660	189
444	296	1097
1600	178	74
421	26	428
292	345	913
524	178	634
1060	303	23
688	345	114
522	422	38
169	627	103
403	178	2037
226	431	114
319	345	1
155	797	23
577	260	629
825	24	445
1364	327	1
142	17	68
212	185	370
1998	386	290
2095	2882	239
142	198	1161
713	178	1
321	24	428
279	626	103
212	1099	103
1378	178	150
292	260	445
2012	644	189
403	275	1017
985	242	150
403	422	1823
925	327	997
548	83	1240
319	185	1388
292	137	1983
292	769	297
421	107	189
528	158	290
528	178	883
524	24	389
1445	453	297
583	684	297
1600	650	297
1445	156	103
212	650	290
169	242	1409
212	141	150
1028	113	531
57	604	297
212	234	461
403	650	490
1326	431	685
524	1069	289
1178	327	236
2992	806	239
2411	422	290
142	1269	114
524	1043	228
1445	156	236
1378	162	290
864	431	323
169	386	737
212	512	1615
1326	116	685
188	586	150
929	116	1
522	604	114
403	793	131
479	945	145
212	386	254
338	162	4
851	1173	290
871	644	1408
985	462	290
292	521	1240
401	1141	290
1709	158	189
1390	83	74
2095	134	1368
421	463	461
142	749	883
169	141	515
1205	726	1174
864	684	434
1475	644	1174
524	156	997
548	1104	228
479	106	151
1028	431	103
524	1336	339
887	26	941
421	25	290
125	650	92
1060	429	149
142	1112	103
479	360	23
763	749	1097
223	106	737
403	937	254
1378	113	254
864	178	52
651	137	941
1445	384	236
292	650	1097
421	442	28
528	660	951
1028	275	254
447	928	114
292	137	149
577	308	290
292	116	1240
142	116	567
155	1759	1
3674	422	239
444	650	1097
403	156	149
223	70	264
2168	113	383
403	806	2585
851	573	685
142	862	68
479	156	1823
2386	604	737
413	806	228
524	1269	189
1445	360	48
1378	162	149
1364	626	610
1326	650	59
577	542	149
292	589	467
1378	660	297
479	83	634
142	327	951
2922	626	1213
1021	141	236
524	345	290
142	113	686
212	178	149
142	650	28
985	240	291
284	627	228
1378	260	1801
444	1779	1174
1378	376	383
503	626	222
2807	178	239
444	626	236
1178	521	149
403	156	103
444	658	634
651	650	114
1378	45	1
212	1287	189
528	184	290
413	26	685
1611	589	236
522	1239	23
292	246	629
1521	604	737
1095	749	189
292	586	103
1326	242	785
2004	604	105
864	185	737
212	452	236
421	660	737
985	392	236
338	360	290
2053	260	149
763	327	257
1364	650	1200
284	806	228
1348	431	103
485	586	103
1138	137	434
424	308	59
485	199	445
188	1175	290
757	116	445
421	626	2212
447	1568	297
424	156	685
485	422	290
444	141	737
864	914	1
279	235	1213
653	137	23
403	156	655
292	478	737
292	156	149
444	861	1
713	604	951
479	512	189
292	158	428
1364	260	236
413	586	737
825	141	290
403	260	629
142	360	477
503	386	737
421	1112	297
479	627	59
367	260	103
403	260	737
479	425	785
524	158	389
3219	1033	290
447	690	114
524	779	1
985	116	114
169	345	951
819	1153	236
524	475	610
444	627	239
871	260	1497
633	631	68
212	675	383
447	345	1
421	928	1360
403	675	68
846	644	1329
279	478	997
1378	532	104
1031	137	23
22	586	290
212	21	229
292	186	290
169	2912	7
1445	345	4
284	24	103
212	25	428
1028	408	290
421	26	239
319	650	23
142	2026	737
424	422	1
1031	650	149
1445	348	68
169	354	1254
522	156	103
142	1153	114
169	156	254
713	24	515
485	436	290
1482	422	1
1378	376	560
368	1103	1097
321	137	428
485	626	189
871	386	189
1475	116	103
447	2246	1
548	156	2
421	532	445
577	345	41
223	586	1
403	345	1240
1600	604	1
368	384	23
142	462	60
424	1141	1
279	542	785
421	384	290
864	260	297
188	903	1
1378	199	730
403	165	103
479	162	104
819	1649	1174
279	345	2069
413	345	997
212	1792	228
292	162	737
524	432	34
524	422	1221
548	463	428
321	327	290
1378	116	1896
823	116	1267
524	158	685
1021	260	290
817	627	290
577	196	290
84	24	41
212	281	59
524	330	2069
142	129	737
3275	242	228
642	116	461
142	644	1054
1390	586	290
846	431	1097
212	626	228
851	726	737
1378	359	1
1364	25	239
1885	650	114
1600	296	1
306	660	785
108	24	531
1235	26	77
188	260	490
985	359	150
651	158	290
447	604	2212
125	2240	290
485	141	1
331	227	68
284	650	1299
142	451	289
292	296	2107
480	327	951
1429	199	289
142	806	149
819	116	1150
403	690	446
279	199	685
292	1101	236
22	242	59
292	1231	290
212	392	625
485	432	189
528	1362	23
169	660	561
524	156	446
284	1525	23
524	543	629
279	45	1097
444	359	254
424	928	737
3321	431	222
807	487	1409
292	1792	103
424	260	149
819	604	200
430	242	23
212	453	1097
1326	451	685
1445	512	1240
102	116	29
819	1591	23
4047	116	290
651	650	23
925	650	236
1445	419	68
528	2246	297
524	626	1380
321	575	959
447	327	4
212	1099	737
653	1649	428
887	626	1983
1364	386	68
851	1589	290
524	478	737
480	242	68
1374	120	103
485	345	1896
1364	806	239
1521	26	2109
1364	589	103
125	106	228
485	586	236
292	327	389
871	24	290
807	1699	195
125	1438	59
279	660	114
191	360	610
989	260	383
1062	1605	737
2053	1367	1
819	137	290
466	778	103
524	726	610
1822	83	785
864	141	1
102	1153	1240
169	749	1983
1475	462	114
424	442	1409
479	120	737
379	650	785
524	262	101
1027	327	951
524	25	737
692	327	103
84	626	104
413	360	104
367	422	149
444	1237	194
929	386	370
479	156	103
524	650	114
2053	914	236
864	650	1
319	478	290
980	1237	189
403	37	1030
524	419	1
925	630	23
292	912	1299
1326	275	59
447	478	290
577	134	816
292	532	685
169	626	785
1709	626	236
1234	156	737
548	51	428
524	626	1686
75	371	60
142	589	1380
2649	589	1
212	303	23
1031	604	434
524	521	239
306	658	1
2914	137	228
169	327	222
2120	650	23
306	207	445
292	604	1150
248	626	1097
102	24	1008
1028	242	730
1190	626	428
125	345	149
413	234	23
212	281	383
1326	650	816
524	158	222
284	113	228
1022	422	290
1031	626	239
292	451	629
169	863	149
292	4298	290
430	604	1409
1060	644	1
887	627	785
102	478	461
524	20	23
403	141	325
319	1258	461
985	83	92
444	345	236
1521	536	297
292	604	1097
142	1141	634
672	137	114
825	26	194
368	778	1380
651	327	2069
651	25	290
1521	345	629
1031	260	552
524	95	114
485	296	1
1028	429	290
2826	185	515
1445	360	1097
212	626	467
908	928	1
871	242	4
169	431	1151
1127	242	68
169	360	1502
306	360	103
401	156	720
191	1716	68
1378	1232	1
1127	1720	290
306	431	785
1709	327	228
321	116	189
1031	604	239
1378	137	515
403	185	68
1060	1141	68
1031	51	1
292	1101	297
466	178	149
980	327	23
367	1620	356
2396	452	130
424	626	23
1358	431	290
212	406	935
1326	1269	68
292	604	383
524	452	68
989	605	290
367	799	48
279	184	552
401	1237	737
403	178	1111
2244	303	1082
212	1605	1218
925	631	434
447	137	236
212	376	997
485	623	228
713	392	247
985	928	236
1021	626	1082
1060	137	737
479	1209	610
807	8	1120
524	738	114
169	185	23
403	604	236
1445	573	114
651	627	461
1127	360	634
1429	419	222
142	328	1
292	1792	552
292	1474	23
485	626	1360
1445	116	370
212	158	59
985	233	1
1031	762	189
367	660	103
524	1204	228
851	360	23
485	386	297
528	776	236
1031	912	236
284	360	228
169	1141	531
367	806	1655
1709	1407	1
864	234	1893
292	242	685
188	296	445
403	650	4
424	24	735
447	156	477
807	281	323
292	806	1380
364	1032	629
98	626	23
688	1605	428
846	83	2193
1235	1649	23
1445	242	239
223	113	1174
403	327	686
424	260	1949
1088	178	149
368	1112	68
929	431	389
887	240	634
292	627	467
1031	116	189
142	1367	231
292	196	1988
223	589	531
212	2503	1
1445	586	356
524	141	1
367	806	111
962	178	68
403	158	1008
2990	797	434
846	650	1213
864	116	103
212	644	23
807	1141	1
479	242	411
1135	660	23
444	441	59
292	431	389
2050	198	629
1160	327	1409
368	626	1623
713	1269	1
851	747	290
368	640	68
279	132	1097
985	769	236
887	83	941
703	266	23
1178	113	189
1364	376	247
279	327	842
125	843	189
763	156	1
403	137	389
1031	626	1097
279	422	552
851	1784	1030
528	260	1702
403	24	103
1205	141	189
524	116	1174
479	262	101
142	165	1
864	1711	290
1160	1345	1
1178	928	149
524	156	225
2649	626	1267
1326	386	254
524	1232	189
102	83	59
934	640	297
887	419	290
279	327	289
2649	604	737
929	138	390
1694	650	114
1378	422	884
84	1875	634
142	626	1161
985	928	149
1477	432	228
403	107	785
368	626	461
887	660	290
2411	1398	290
732	37	1
169	260	1174
1429	749	254
522	134	23
403	640	23
985	303	236
479	360	103
191	137	816
1379	431	495
1235	928	2069
292	242	785
1074	487	297
292	242	389
528	422	254
212	134	1
212	627	1
368	540	610
444	912	23
279	303	1
368	604	383
524	258	737
1709	442	254
1445	242	96
985	327	428
212	260	290
69	532	290
1031	660	951
188	158	104
864	26	271
155	83	290
430	463	59
819	95	445
1031	345	247
191	120	941
2815	199	290
524	51	1
524	512	1894
2761	156	149
444	51	59
524	132	236
524	660	101
1918	432	290
1031	797	236
212	431	239
279	184	356
1445	327	490
929	24	290
403	746	2269
444	586	370
642	660	461
867	156	290
485	327	997
577	83	151
524	178	103
846	422	737
1413	386	254
279	797	254
1028	327	254
479	1438	236
292	604	913
403	2912	1
1709	604	297
1475	945	189
871	589	239
403	1239	59
279	419	356
212	281	1380
403	644	1671
479	327	1408
470	156	1030
2379	113	685
1031	487	254
1060	137	290
479	589	1408
1995	650	74
367	113	271
319	1198	1
846	386	370
292	156	1722
1378	626	247
368	198	2131
715	521	222
524	627	1409
763	327	236
444	478	297
125	650	720
577	360	194
524	800	103
212	690	1240
142	627	461
292	650	785
524	199	353
125	242	1240
1060	684	68
846	185	297
1031	178	96
321	156	290
1028	644	59
403	627	297
2914	431	23
403	586	428
292	660	1111
713	442	1
524	986	290
651	1444	114
1235	452	816
421	141	297
401	1175	428
102	1550	114
763	626	997
4274	589	685
102	327	416
1326	185	103
479	1660	189
188	604	323
1028	747	1213
403	116	257
692	178	290
191	453	114
1060	1316	228
524	406	149
292	198	256
4047	1347	1
188	277	737
292	451	1017
1326	1454	228
1627	178	151
1178	912	1
1445	1786	236
292	1357	1502
319	505	1388
864	1239	194
466	2394	737
212	543	239
444	640	1408
447	234	625
524	113	2359
223	431	1054
925	928	393
403	335	389
871	644	114
524	303	1315
2053	198	629
319	171	74
1378	627	913
279	26	1881
871	726	566
447	478	1174
1378	2328	290
292	242	411
401	156	194
1822	627	149
1364	178	151
1364	116	126
421	242	816
413	1141	228
401	586	1174
846	51	445
413	586	289
672	1232	103
1378	129	23
191	315	239
447	242	445
292	543	1240
2379	26	370
1060	303	629
528	327	1304
851	487	59
212	281	434
292	141	467
367	1720	2107
985	141	1
528	604	239
367	260	68
1021	690	236
485	137	114
528	1347	74
279	185	428
447	644	461
421	185	229
1378	462	290
528	1357	68
292	113	1655
84	604	1240
539	747	1030
1709	1720	23
403	1759	428
421	51	28
934	586	68
2095	626	634
292	425	290
292	432	428
1138	178	1213
1426	431	68
1028	141	629
763	137	228
279	120	4
279	589	445
444	462	1097
124	627	23
1326	83	1097
1160	912	737
279	137	737
479	1237	1
2918	178	290
846	242	737
284	986	428
1374	684	74
2660	650	428
279	156	567
368	478	323
985	242	1200
524	542	1192
485	1343	445
102	650	59
1160	327	1524
524	113	104
1772	626	236
524	542	189
985	320	236
1482	650	247
825	650	428
1378	162	150
447	1610	222
1378	631	1677
692	422	149
421	463	189
479	843	103
831	431	297
444	637	236
142	198	59
1364	478	323
653	243	1
1028	1664	290
524	180	566
191	1699	501
3021	165	737
1374	327	390
279	422	1331
292	51	1192
1326	327	655
403	452	1291
413	650	114
71	650	254
212	2180	1524
524	207	23
1654	234	68
169	1141	1030
1169	604	151
1028	1141	103
985	384	59
2411	463	59
1378	156	1213
447	928	149
368	24	634
444	1269	68
925	178	290
1178	2455	114
2481	327	1
2867	542	842
1190	422	254
651	650	28
421	260	785
188	505	2073
2095	660	1097
223	589	951
279	627	1380
292	487	411
809	171	23
421	178	428
338	749	428
887	660	111
223	303	130
447	1316	685
279	199	68
401	806	290
142	650	1432
279	185	1174
524	141	1572
2095	156	1
367	799	816
1822	650	290
851	309	149
524	575	883
403	604	610
212	2700	816
2411	431	149
301	198	68
102	107	434
1445	327	194
403	463	254
1413	806	290
447	431	231
807	945	231
3289	650	114
368	1141	68
548	709	461
284	327	103
319	242	59
319	185	501
368	26	1017
1378	626	389
871	586	1442
368	604	347
401	327	149
1095	116	461
479	640	290
84	626	2167
142	246	228
1088	626	239
577	185	103
447	604	114
444	1786	290
1453	575	290
2024	134	493
169	25	103
447	1696	339
713	1269	428
989	626	629
1410	1112	1213
447	354	461
479	20	913
1190	604	1
279	207	1
1445	1033	655
447	747	297
279	315	228
1364	129	297
1709	422	428
1031	178	428
1391	83	445
672	134	236
1160	626	290
1364	360	1881
279	1318	194
1028	242	23
577	650	383
284	116	41
851	327	1097
466	178	23
851	2578	236
1445	392	16
169	141	411
155	129	149
825	747	228
447	627	552
524	258	445
539	185	1686
279	726	428
851	852	104
485	696	290
413	360	2107
292	1357	356
421	724	1240
125	384	428
524	25	1299
1364	422	461
292	626	289
1062	199	228
653	2912	290
2379	1033	254
929	627	1240
807	627	40
169	806	228
292	799	290
142	243	68
413	452	737
212	660	149
1364	1444	23
403	521	450
284	640	1174
528	573	461
2064	640	685
819	422	149
1378	242	477
57	137	389
1378	1141	370
403	1399	951
125	747	228
142	183	383
292	637	23
808	589	290
1521	303	290
404	1347	1
524	2581	114
212	626	552
479	589	290
1021	626	685
713	26	1
864	452	461
577	626	189
279	327	111
84	615	101
985	928	1
368	327	370
1482	178	947
279	2236	1
1036	3670	195
1364	1069	149
212	422	434
2091	832	74
279	185	629
503	487	951
524	650	1200
1998	178	68
1031	95	290
524	514	23
401	141	297
379	156	23
485	650	552
284	1112	195
279	852	68
1694	156	114
321	1141	297
413	626	1221
424	24	461
962	650	68
292	1239	149
142	463	114
577	914	883
1364	242	1
292	1357	189
715	422	720
657	1048	271
524	1407	1655
403	32	48
144	604	189
1021	184	356
142	207	149
1364	969	189
479	158	2900
651	650	1192
1235	113	105
223	589	1380
757	542	145
812	637	383
108	199	290
871	1550	634
447	604	239
1031	116	2109
871	542	254
524	928	667
292	113	1240
319	431	23
292	422	23
1028	644	297
2990	327	1
223	806	1174
2826	626	1
980	138	1
925	309	1
653	116	236
1445	1141	566
3607	604	389
985	17	1
279	626	1893
713	303	34
715	83	389
421	137	236
1138	644	842
401	178	1717
75	113	997
403	604	2384
447	138	4
191	5	297
188	1048	189
447	627	1240
447	277	737
284	532	552
403	207	323
930	626	461
899	431	103
1364	542	1054
524	281	1949
1326	262	228
528	586	445
715	650	737
653	452	101
1378	1232	239
403	931	685
142	1459	467
524	25	323
819	345	685
985	806	552
524	158	941
188	1153	290
1022	116	149
864	1269	1097
925	431	101
1031	1316	1380
3267	234	461
368	627	68
1429	206	477
421	26	194
102	116	254
125	1101	297
403	260	493
1178	1352	228
279	113	467
84	1367	59
321	1085	59
292	441	103
1644	83	737
413	327	1380
479	20	297
524	1620	1097
401	1605	239
71	242	290
485	905	103
447	927	59
292	431	2272
188	137	239
846	478	389
794	690	239
447	779	552
2589	1398	290
929	83	1017
925	422	236
292	174	149
292	791	515
212	37	68
1445	83	16
2411	384	1675
1709	431	236
212	586	629
1406	171	23
930	573	114
188	650	1686
1235	184	1388
403	650	469
864	1198	951
319	185	913
524	345	189
367	137	23
1482	1696	1465
125	1913	103
978	604	1
430	575	492
1326	432	416
1378	650	189
142	462	883
925	1032	149
1822	650	913
379	478	114
577	327	200
401	165	189
929	178	290
284	113	1380
1378	158	59
713	452	1
279	26	254
84	1112	1
485	64	290
22	24	1
524	24	1368
279	21	297
1378	1153	3608
401	327	236
1885	327	1
188	275	2324
989	626	1
1579	660	149
1062	1141	290
851	1550	1
524	281	256
2624	626	737
715	327	445
421	1269	222
1514	20	297
279	755	913
368	776	1
1364	234	687
1160	178	290
84	422	685
306	178	951
292	392	416
403	51	254
524	431	1576
292	806	1655
142	623	467
444	158	428
403	863	290
279	21	610
125	262	411
421	242	59
1022	327	145
485	386	1039
1364	626	103
1445	327	634
3324	134	290
479	171	515
653	360	445
169	658	356
524	360	1502
401	137	2107
2815	180	149
1364	431	1388
1445	158	461
688	1347	114
1326	463	59
279	843	2459
447	186	103
823	178	461
2508	327	68
403	2455	114
403	1792	2167
447	185	257
985	478	1213
703	532	1
807	431	1675
864	17	103
102	141	383
292	451	947
2815	542	1213
2990	141	189
1378	765	236
864	25	297
430	24	149
524	180	552
319	640	290
319	178	103
364	386	236
379	551	23
1062	2882	236
703	158	149
421	384	23
1445	551	236
864	1318	290
1985	660	236
651	275	1409
212	24	484
524	722	239
212	1701	114
864	171	389
2914	330	103
84	242	236
292	779	103
421	116	1408
367	1357	149
212	627	114
3092	345	1254
528	360	477
421	432	59
279	532	634
338	392	103
524	599	737
319	626	150
528	462	114
292	199	1729
1475	327	1174
279	24	271
851	158	941
633	141	883
292	765	737
306	905	737
444	586	150
212	422	1120
444	1959	434
809	242	23
212	640	634
292	1568	114
413	615	68
203	604	461
1378	2482	23
522	604	370
871	2394	290
292	303	389
2867	626	254
1248	137	1408
292	116	1489
479	141	941
851	129	239
851	258	1007
1600	134	149
479	505	254
1190	478	149
379	863	23
1445	418	1
713	429	428
338	185	68
75	376	23
125	626	4
2711	806	23
444	589	222
177	178	150
279	178	561
846	626	2384
142	240	34
851	640	389
3828	431	228
1178	156	150
871	260	189
421	83	737
539	156	149
142	1350	737
548	626	114
444	644	477
212	171	655
2053	327	1
1031	83	104
524	374	254
75	178	461
925	630	461
1514	156	1240
424	422	1388
142	589	533
424	20	785
930	462	2107
279	429	228
292	1048	728
447	2246	149
1260	360	189
188	199	2131
84	1126	1
142	386	951
444	586	96
125	640	101
524	2684	290
823	660	434
1378	521	149
692	178	149
444	650	816
292	2633	254
2012	650	297
636	487	629
203	650	737
403	196	104
871	463	323
367	156	229
846	156	254
403	425	239
102	755	254
473	1033	23
403	308	149
188	626	383
2914	134	114
292	116	477
556	543	103
1600	429	40
1378	604	1409
424	432	1082
292	872	290
1378	505	552
1021	630	434
4274	242	1408
424	384	290
125	799	239
1028	848	566
1190	330	23
577	178	189
102	442	816
1088	1959	370
125	1649	2900
485	303	150
424	3227	720
102	463	1
292	650	1308
522	843	1
524	234	1409
403	589	629
715	1347	145
4804	650	290
447	1856	1
732	113	189
1364	1141	383
22	116	610
84	1336	68
1190	207	239
424	505	951
1178	1237	685
223	122	228
279	749	1097
1803	626	4
212	134	428
447	141	271
421	1101	290
1160	327	1267
401	137	1408
703	198	737
421	24	634
1378	158	461
421	162	111
144	138	4
424	644	34
368	2700	461
212	419	104
1406	627	428
76	604	1097
479	945	497
2544	83	228
864	487	1368
851	573	655
1521	196	816
864	451	290
1378	51	2512
212	912	2459
1028	17	297
985	650	566
142	1651	149
212	573	685
577	1525	1
524	806	104
524	260	686
3289	54	461
338	24	38
379	137	1240
846	431	941
1138	650	23
2918	327	236
1022	288	23
403	1104	239
321	1350	23
925	631	785
413	901	1
1062	626	254
908	26	290
2926	303	290
142	240	356
479	2284	1409
424	627	236
522	260	103
421	627	222
84	589	7
763	156	1218
142	640	947
846	431	629
279	26	103
577	178	131
688	690	236
1888	116	239
212	532	785
292	156	3707
713	422	2107
403	1512	254
108	626	467
851	178	561
401	463	103
1235	83	467
444	604	913
1390	650	290
223	1780	74
849	275	2109
367	650	1457
2807	116	103
368	327	785
4793	376	23
1599	429	297
2053	116	1
846	242	1082
1205	83	1331
713	478	1686
864	419	239
447	1167	103
1694	360	991
503	129	1
851	1361	1677
1058	650	1
846	650	150
292	116	759
319	478	428
142	542	28
642	650	103
142	51	1
1385	475	389
212	675	239
713	156	2107
1326	360	297
871	604	383
864	589	149
447	1361	23
279	45	1
292	95	997
319	797	290
284	589	1097
306	345	189
1021	25	1240
825	626	236
188	660	278
925	986	23
929	658	236
763	1198	149
2036	912	222
421	650	1655
403	3447	74
212	281	492
292	1696	68
524	1361	428
125	586	23
1028	575	92
1062	281	103
1654	452	1
1445	327	104
84	178	2167
84	1245	149
522	234	461
403	905	737
1326	843	103
1028	376	1702
887	327	1200
188	1438	566
421	650	38
368	589	655
400	327	290
763	650	16
338	749	1
379	198	477
1160	260	1082
1095	386	1
22	360	634
672	589	1
2411	650	634
524	589	461
485	315	193
319	1258	785
144	512	297
319	360	1
292	1336	150
763	429	149
1378	641	222
424	419	737
292	185	1240
403	303	96
1482	505	370
1031	116	842
1445	451	1881
1378	2007	370
173	928	461
1028	21	2151
379	627	23
524	650	729
819	1347	383
292	806	394
672	650	59
421	277	356
985	422	114
403	589	1894
1888	627	428
1021	452	1296
577	726	290
1088	51	445
279	969	685
2914	360	1
2065	281	23
1445	2485	1
1095	626	389
142	277	114
812	327	1
212	532	477
3289	626	189
421	650	2081
1378	1542	68
1709	327	1
212	51	114
1378	684	149
212	623	951
524	478	383
142	1438	428
577	422	236
473	626	189
466	116	325
379	604	290
2120	431	222
929	242	239
846	384	239
485	955	2167
1062	806	844
1259	260	290
1378	178	1054
2411	928	114
846	2252	236
503	184	290
1475	2912	228
934	451	1221
49	360	290
1998	650	149
524	185	1388
1822	360	2109
1374	532	1
524	260	1150
819	2581	195
672	551	23
2379	129	254
421	709	103
2517	137	290
204	650	764
846	1232	195
1709	178	114
479	431	1267
403	207	189
485	1362	228
1178	277	1
930	463	1
548	863	23
379	281	103
212	431	271
524	749	1082
292	1792	490
692	650	151
1138	463	290
279	630	149
125	675	428
653	863	236
421	551	634
4047	376	254
1494	1237	290
223	1779	625
485	178	1054
1482	2882	149
421	640	271
1521	116	1097
524	1032	74
653	623	1
479	275	4
851	359	445
1088	1085	103
279	660	189
763	171	501
1378	156	1717
155	806	552
2634	627	297
808	83	501
368	765	236
763	640	239
2826	360	356
279	184	461
424	512	2212
985	207	23
1178	2014	290
2110	26	1823
108	83	501
223	106	264
22	451	114
424	116	389
1364	542	1702
367	463	356
1445	242	634
125	158	323
1021	137	68
447	232	297
1326	2677	23
851	51	34
1235	912	951
379	1875	228
528	586	816
985	185	461
1429	113	1174
403	185	1469
447	45	257
169	697	23
807	431	634
319	260	1442
421	453	38
301	1033	1677
556	116	149
413	270	254
212	626	1380
851	134	885
279	178	2222
368	2007	23
421	650	816
819	303	561
548	320	145
403	8	467
321	431	1529
142	392	941
447	141	96
125	327	477
212	243	383
379	26	77
2198	589	290
413	626	101
1088	345	222
864	281	103
2099	650	23
485	386	991
188	1407	1299
1028	644	1408
421	1101	4
292	924	254
1028	21	2172
403	650	88
102	486	297
524	1786	290
2120	137	23
292	199	552
703	296	189
1178	799	1
715	512	23
424	51	290
364	1910	59
979	141	730
871	327	1240
2361	178	290
159	360	531
1374	327	290
713	627	323
485	912	1097
989	116	1150
2411	431	1240
1426	626	103
421	242	913
125	586	290
1178	329	23
71	180	23
2914	116	103
1822	627	239
403	296	917
338	129	1240
485	116	1218
212	475	785
447	532	1686
1031	242	1717
864	1336	149
424	178	566
619	431	239
403	1232	239
3021	1033	23
424	598	1
642	512	1
1235	542	231
292	1357	2437
212	345	492
887	137	1368
524	56	1805
169	658	951
212	1720	492
279	779	289
846	277	4
292	1629	290
466	281	1
368	1468	1
223	630	686
379	630	434
401	171	4
807	582	2107
279	863	4
142	1792	383
577	1620	239
2012	690	1
846	1239	59
403	384	552
71	749	149
2673	2246	239
1060	345	416
1190	1913	1
466	281	290
925	20	23
1031	37	1
1022	855	1
108	650	816
1445	158	145
1138	806	1677
871	726	149
1095	487	951
424	116	1717
713	260	1
1822	26	913
444	797	477
1031	26	41
212	184	1637
75	542	883
4682	184	1213
1138	165	23
851	452	1432
1095	452	254
279	806	445
1674	928	1638
466	129	114
292	478	461
479	589	189
2807	626	816
470	137	194
292	782	189
169	693	254
444	1649	239
528	185	149
444	380	1380
191	198	686
421	2240	1
102	1550	290
908	626	228
1121	178	1097
1391	303	561
887	51	131
1115	288	195
524	779	370
100	596	228
672	21	239
2053	198	356
284	1716	1097
125	521	389
851	137	1057
1445	451	1380
974	116	52
368	327	951
1445	171	323
2411	1033	149
819	2240	1
338	17	1671
1445	2394	629
524	345	1097
1326	521	461
522	928	785
485	156	882
2958	70	74
292	969	4
169	137	1615
279	514	913
1429	1452	68
2507	178	4
1160	156	370
653	604	247
1426	141	48
831	178	1221
688	281	323
379	116	59
632	345	434
142	1786	290
651	1336	1
524	2610	1
212	641	1823
466	1695	290
823	749	149
1326	296	1408
1364	24	816
1514	137	114
367	330	96
1326	183	23
772	327	23
1060	422	228
479	162	150
524	116	991
413	626	383
403	532	324
2914	969	515
1429	419	229
479	178	1717
444	275	445
2649	1112	1082
424	134	1008
871	270	492
934	626	389
1031	1874	23
403	262	1511
248	928	149
485	599	1
421	180	1
980	843	816
2544	1237	370
319	604	254
4315	275	1
851	178	2081
1060	199	290
1445	2394	189
929	1679	150
1364	644	634
1378	575	290
1326	137	552
447	927	149
1521	198	515
1674	806	1
1364	113	2109
1445	242	190
632	327	2109
125	242	461
524	406	96
1445	242	1576
1445	451	461
2715	184	68
849	573	290
292	478	567
651	690	92
279	747	1097
292	1784	434
1088	1153	189
292	650	361
1060	51	1388
996	107	629
925	604	1686
672	275	566
279	623	289
2333	604	151
867	178	104
379	912	629
292	260	1881
292	3017	68
403	303	52
447	65	145
871	630	222
849	281	730
539	1033	41
421	505	297
851	116	1119
2642	442	1
424	2236	114
1995	260	254
102	650	2193
188	2100	236
1031	386	4
522	345	290
319	806	236
524	1649	1218
125	26	2900
447	792	461
524	650	150
929	931	290
1385	242	629
528	178	477
688	315	501
421	660	1240
212	303	492
887	360	1717
1694	627	737
1326	644	1174
279	3502	239
1021	627	59
851	422	728
2660	26	1783
292	185	434
1364	2912	1409
3044	630	290
485	262	610
524	3124	290
524	97	947
1021	303	4323
485	1605	189
125	1085	370
657	1048	1408
3092	303	228
846	486	629
2922	137	114
524	640	477
763	419	23
430	25	222
1803	604	1
524	1407	48
1429	486	222
212	877	151
851	171	236
379	275	1299
125	2670	74
108	158	1
528	97	434
846	178	884
1135	627	1
3571	806	1267
1364	196	941
212	134	685
279	863	11
2544	644	103
524	1721	1
155	129	222
524	630	339
703	162	114
102	327	1192
424	422	41
1520	431	149
1088	303	228
444	303	785
212	156	1465
188	360	1200
321	644	461
421	1438	194
212	589	552
2064	134	685
142	2980	1
1326	376	383
142	630	947
1694	156	552
125	392	236
292	742	103
447	749	477
985	1091	290
1190	650	23
979	478	236
1248	1737	730
819	2882	1
1378	26	449
1178	1239	103
470	26	1823
212	1660	228
401	21	883
851	171	552
403	9	23
864	156	1686
338	627	104
3555	83	290
887	1222	114
480	360	254
524	369	370
528	463	103
528	360	256
524	626	1814
1445	660	951
651	25	149
142	90	1054
279	631	383
191	2581	1790
1445	242	3707
485	710	685
447	573	68
340	623	103
421	242	2193
887	650	490
2091	116	445
424	604	560
479	262	2
1364	604	490
4305	185	297
864	1357	103
102	627	445
846	791	239
485	1649	114
212	2390	254
401	690	370
524	327	256
672	553	68
934	755	290
846	296	96
1247	37	149
485	317	1380
1995	184	883
473	431	1008
1031	532	913
424	281	1432
144	51	114
2985	376	151
1178	1175	297
2095	912	114
929	206	951
403	442	1291
447	927	23
1378	392	2107
421	806	450
22	1103	449
191	1773	1
292	80	737
338	626	356
528	586	1120
69	180	370
1482	589	297
528	650	168
125	779	1388
102	327	655
413	475	2109
447	453	445
479	303	1097
2411	2007	4
524	2941	23
846	360	104
989	392	239
1378	505	325
349	116	477
1822	660	297
524	931	1240
447	281	947
1364	626	1276
851	1258	222
1138	137	1360
1482	327	951
819	360	52
413	138	461
3980	650	114
430	914	531
191	431	686
155	1214	629
1378	137	2272
812	296	149
757	626	634
1088	21	1
1391	419	1221
823	2394	149
212	419	111
403	2100	149
413	724	23
421	134	103
1378	1101	951
368	4500	1
447	599	1408
447	240	1291
980	650	685
2411	604	445
1644	242	290
485	1605	383
188	586	941
479	1699	239
3555	26	1
2807	129	68
421	650	1054
713	452	390
1095	431	189
1426	626	515
980	153	1054
306	2007	290
736	1910	951
548	156	1054
413	806	560
2053	604	1823
2120	604	1097
763	778	195
1028	749	1
1062	1512	629
528	777	290
539	1126	501
331	542	103
851	262	2325
1653	199	228
2914	153	1
851	1281	370
421	296	104
3555	1696	228
413	542	2886
864	178	145
321	97	370
1364	1085	297
444	3502	68
1178	912	297
1445	281	1017
934	626	239
1985	134	428
421	1237	1008
1364	478	1983
292	604	1113
1138	1237	236
985	1258	785
364	116	389
736	542	1254
279	914	297
284	386	1082
1190	429	290
1289	422	114
319	425	737
1813	120	149
2914	422	730
321	386	730
223	945	2272
864	1085	149
444	360	941
188	627	1616
692	234	151
1138	288	883
410	156	189
226	384	1529
2957	627	1
401	762	23
2053	2578	239
424	797	383
1822	912	239
125	1252	195
1178	1352	239
1088	113	467
985	478	96
4274	626	236
102	604	88
1235	1033	29
379	25	685
1235	129	951
1426	905	1675
223	3602	68
403	937	737
1031	178	1983
930	1141	149
447	589	844
985	782	23
212	631	48
3969	113	290
379	912	477
2926	294	290
2535	512	74
1410	134	634
2783	1407	1
1521	626	518
1644	589	1
1445	384	913
1413	627	149
212	1910	254
340	113	356
102	345	1267
4424	199	23
2411	178	1174
479	20	4
524	1838	1
1885	650	1615
4193	141	290
864	586	28
524	486	1388
871	684	1983
1022	660	383
642	462	389
485	451	1911
447	586	1360
1022	196	290
2190	178	951
212	1913	2107
1169	644	131
338	442	2107
367	345	356
524	360	2269
851	747	1329
212	207	61
142	56	737
142	710	1
1022	24	1409
2783	156	737
524	4555	239
846	327	1432
819	1153	149
887	196	461
887	1101	290
2514	776	68
155	650	194
846	1784	114
403	1085	935
757	171	490
169	627	16
672	542	1722
444	791	150
212	724	1213
71	5	228
379	630	114
1021	2882	816
871	242	1511
2544	626	913
485	762	297
763	2180	1823
713	462	149
