1.6666666666666667
1.9119496855345912
1.869047619047619
2.0505430242272347
2.1515151515151514
2.116575591985428
2.1666666666666665
2.1666666666666665
2.0833333333333335
2.0
1.8888888888888888
2.25
1.8148148148148149
1.5757575757575757
2.119496855345912
1.8518518518518519
1.9333333333333333
2.0
2.1842105263157894
1.9444444444444444
2.135593220338983
1.9523809523809523
1.7809523809523808
1.75
1.5333333333333334
1.962962962962963
2.022222222222222
2.2
2.0
1.9452054794520548
2.0
1.9601731601731602
1.9074074074074074
1.7704918032786885
2.1126126126126126
2.1866666666666665
1.7543859649122806
1.4
2.057142857142857
2.230496453900709
2.036723163841808
2.0555555555555554
1.9425287356321839
2.5555555555555554
1.7931873479318734
2.2
1.9583333333333333
1.7962962962962963
2.5277777777777777
1.9130434782608696
1.6666666666666667
2.0434782608695654
2.1594202898550723
1.5238095238095237
2.109289617486339
2.0952380952380953
2.125
1.6333333333333333
2.0555555555555554
2.125
2.2083333333333335
2.3333333333333335
2.3
1.9333333333333333
2.8666666666666667
1.9565217391304348
1.9880952380952381
2.1944444444444446
1.8571428571428572
1.9166666666666667
2.074074074074074
2.096774193548387
1.9090909090909092
1.7471264367816093
2.1871345029239766
2.1777777777777776
1.5833333333333333
2.0014814814814814
2.15
1.8333333333333333
2.392156862745098
2.1
2.236842105263158
1.8571428571428572
1.6666666666666667
2.0599078341013826
1.9411764705882353
2.3034825870646767
1.9583333333333333
1.9444444444444444
2.0720720720720722
2.049019607843137
2.1666666666666665
2.111111111111111
1.6111111111111112
1.9523809523809523
2.466666666666667
2.112633181126332
1.2666666666666666
1.6527777777777777
1.8827838827838828
1.9444444444444444
1.9047619047619047
2.2016908212560384
1.7777777777777777
2.2083333333333335
2.0
2.0387596899224807
2.3333333333333335
1.9791666666666667
1.8527131782945736
2.0833333333333335
2.230769230769231
2.1927083333333335
1.876543209876543
2.0764944275582575
2.4444444444444446
2.1527777777777777
2.1449275362318843
1.619047619047619
2.0416666666666665
1.75
2.0256410256410255
2.2142857142857144
1.7333333333333334
2.3095238095238093
2.275
1.5333333333333334
2.1372549019607843
2.1666666666666665
1.7777777777777777
1.6
1.9444444444444444
2.2
2.119047619047619
2.0639269406392695
1.7407407407407407
1.393939393939394
2.0833333333333335
2.2666666666666666
2.0985915492957745
1.7723577235772359
1.7179487179487178
2.142857142857143
1.9333333333333333
2.0277777777777777
2.2777777777777777
2.314009661835749
1.7333333333333334
2.3333333333333335
1.5714285714285714
1.9230769230769231
1.6666666666666667
2.422222222222222
2.0
2.261904761904762
2.111111111111111
2.0
2.0555555555555554
1.8823529411764706
2.3333333333333335
2.1875
2.0382882882882885
1.9027777777777777
2.4015151515151514
1.7777777777777777
1.7790262172284643
2.5925925925925926
2.25
2.1666666666666665
1.9444444444444444
2.2777777777777777
2.150943396226415
2.0634920634920637
2.4166666666666665
1.2
2.1666666666666665
2.090909090909091
2.126126126126126
2.1458333333333335
2.4
1.9428571428571428
1.5666666666666667
2.05
2.761904761904762
2.5714285714285716
1.8771929824561404
1.9166666666666667
2.0
2.074074074074074
2.574074074074074
2.3333333333333335
1.9523809523809523
2.8333333333333335
2.3636363636363638
1.6444444444444444
2.3185185185185184
1.96
1.8055555555555556
2.3958333333333335
1.9833333333333334
2.0833333333333335
1.8588235294117648
2.2650602409638556
2.176470588235294
2.1564625850340136
1.9973544973544974
2.4814814814814814
2.4166666666666665
2.4583333333333335
2.104651162790698
3.0
2.5
1.8666666666666667
1.8888888888888888
2.0104166666666665
2.111111111111111
2.066666666666667
2.357142857142857
2.23728813559322
1.8484848484848484
2.4074074074074074
2.1773049645390072
2.611111111111111
1.7777777777777777
2.0
2.051282051282051
2.027027027027027
2.003623188405797
2.111111111111111
1.5833333333333333
1.9019607843137254
1.7017543859649122
2.6363636363636362
2.13681592039801
1.6862745098039216
2.1333333333333333
2.128205128205128
2.225225225225225
1.8084291187739463
2.2083333333333335
2.2419354838709675
1.9047619047619047
1.9444444444444444
1.6666666666666667
2.0
1.8333333333333333
2.114186851211073
2.269230769230769
2.238095238095238
2.3636363636363638
1.9666666666666666
1.9962042788129746
2.388888888888889
1.855072463768116
2.2777777777777777
1.5333333333333334
1.8333333333333333
2.0996275605214154
2.066666666666667
1.8333333333333333
1.7083333333333333
2.208981001727116
1.8
1.5
2.019607843137255
2.1333333333333333
2.4027777777777777
1.9333333333333333
2.1228070175438596
1.8571428571428572
1.7166666666666666
1.8431372549019607
1.8888888888888888
2.8421052631578947
1.8148148148148149
1.8666666666666667
2.466666666666667
2.0
1.75
2.3125
1.7037037037037037
2.0
1.9444444444444444
2.1641791044776117
1.9941520467836258
2.4
1.9885057471264367
2.101010101010101
2.25
2.2549019607843137
1.9885057471264367
2.0416666666666665
2.041994750656168
2.5
2.128205128205128
2.4444444444444446
2.107142857142857
2.1066666666666665
1.8888888888888888
2.0
1.8
1.9700176366843034
1.8666666666666667
2.282051282051282
2.2916666666666665
2.3
1.978494623655914
2.4166666666666665
2.087719298245614
2.060185185185185
2.3333333333333335
2.1449275362318843
1.875
1.8461538461538463
2.4166666666666665
2.046242774566474
1.9523809523809523
2.0277777777777777
2.1481481481481484
2.1839080459770117
2.076923076923077
2.515151515151515
2.042483660130719
2.2
1.9871794871794872
2.1587301587301586
2.2777777777777777
1.9411764705882353
2.2222222222222223
2.142857142857143
2.3333333333333335
2.4
1.5925925925925926
1.837037037037037
1.5
2.3162393162393164
2.45
2.257861635220126
2.375
1.6111111111111112
1.9298245614035088
1.9506172839506173
1.5555555555555556
2.2083333333333335
2.4
2.4
2.0310077519379846
1.8565891472868217
1.6666666666666667
2.0845410628019323
2.491228070175439
1.8333333333333333
2.0784313725490198
2.0
2.1030927835051547
1.8571428571428572
2.156862745098039
2.1715210355987056
1.7395833333333333
2.5555555555555554
2.0952380952380953
2.2222222222222223
2.5555555555555554
2.0
2.1363636363636362
2.1777777777777776
2.1481481481481484
1.9166666666666667
1.9977477477477477
1.9523809523809523
2.1372549019607843
1.9526748971193415
2.1333333333333333
2.375
1.564102564102564
2.066666666666667
1.9130434782608696
1.7407407407407407
1.9333333333333333
2.1333333333333333
2.280701754385965
2.5714285714285716
2.0833333333333335
1.9166666666666667
2.0406852248394003
1.8917975567190226
2.2666666666666666
2.0454545454545454
1.9479166666666667
1.75
2.087719298245614
2.4444444444444446
2.2291666666666665
2.0
1.9487179487179487
2.107142857142857
1.8888888888888888
2.3333333333333335
1.8333333333333333
1.9230769230769231
2.6666666666666665
1.75
2.6666666666666665
2.2058823529411766
2.5416666666666665
2.533333333333333
2.422222222222222
1.9523809523809523
1.7916666666666667
2.533333333333333
1.9166666666666667
1.6296296296296295
1.5952380952380953
2.1555555555555554
2.4285714285714284
2.2857142857142856
1.5
2.260869565217391
1.6666666666666667
2.3333333333333335
2.1541950113378685
1.9333333333333333
2.066666666666667
2.8137254901960786
2.088888888888889
2.066666666666667
1.8675213675213675
1.9047619047619047
1.9604810996563573
1.9382716049382716
2.1666666666666665
2.1333333333333333
1.6666666666666667
1.8076923076923077
1.8974358974358974
1.2666666666666666
2.0
2.1666666666666665
2.4444444444444446
2.2941176470588234
1.9166666666666667
2.1363636363636362
1.8958333333333333
2.4074074074074074
2.4285714285714284
1.873015873015873
2.577777777777778
2.059925093632959
1.8148148148148149
1.6666666666666667
1.988888888888889
1.92
1.8666666666666667
2.0
2.0972222222222223
1.7804232804232805
2.2222222222222223
2.0303030303030303
1.967479674796748
2.4057971014492754
1.9487179487179487
1.9047619047619047
2.2
1.9074074074074074
2.433333333333333
1.924731182795699
2.1
1.7575757575757576
1.9333333333333333
2.0
1.8148148148148149
1.8867924528301887
2.111111111111111
1.3333333333333333
1.869281045751634
1.608695652173913
2.0114942528735633
1.9583333333333333
2.2916666666666665
1.9583333333333333
1.9230769230769231
2.361111111111111
1.8888888888888888
1.8461538461538463
1.9166666666666667
2.4285714285714284
2.0
1.7916666666666667
1.7676767676767677
2.0
2.611111111111111
1.8095238095238095
1.375
2.2962962962962963
1.8333333333333333
2.0555555555555554
1.5833333333333333
2.0555555555555554
1.6666666666666667
1.5
2.125
1.7976190476190477
1.4444444444444444
2.088888888888889
2.0
2.3174603174603177
2.212121212121212
2.2916666666666665
2.422222222222222
1.6666666666666667
2.388888888888889
2.212121212121212
1.8333333333333333
2.3333333333333335
1.6470588235294117
1.936026936026936
2.1666666666666665
2.303030303030303
1.9696969696969697
2.0
1.9333333333333333
2.2866666666666666
3.0476190476190474
2.0
1.8571428571428572
2.4
1.8571428571428572
2.3333333333333335
2.0416666666666665
2.1481481481481484
2.1247443762781186
2.0
2.5416666666666665
2.142857142857143
2.2083333333333335
1.6296296296296295
1.7037037037037037
2.142857142857143
2.021505376344086
1.8900709219858156
2.25
2.2777777777777777
2.2783505154639174
1.8888888888888888
2.0833333333333335
1.9583333333333333
2.0952380952380953
2.1666666666666665
2.101449275362319
2.0303030303030303
1.8508771929824561
2.0555555555555554
2.380952380952381
1.911764705882353
1.8717948717948718
2.2374429223744294
1.945736434108527
2.1853002070393375
1.5714285714285714
2.124113475177305
1.8602150537634408
2.261904761904762
1.6111111111111112
1.7777777777777777
1.7777777777777777
2.0555555555555554
1.6428571428571428
1.5
1.8333333333333333
2.142857142857143
2.7916666666666665
2.358974358974359
2.185185185185185
2.2222222222222223
2.0444444444444443
2.2
2.2083333333333335
1.9523809523809523
2.25
1.9523809523809523
2.0833333333333335
2.2777777777777777
2.2
1.9444444444444444
1.8461538461538463
1.8333333333333333
1.7407407407407407
1.7692307692307692
1.9341563786008231
2.0
2.4583333333333335
1.8333333333333333
2.4166666666666665
2.4166666666666665
2.3333333333333335
1.7083333333333333
1.8666666666666667
2.3333333333333335
1.9009009009009008
2.0987654320987654
1.5490196078431373
1.8333333333333333
1.9166666666666667
2.4871794871794872
2.0833333333333335
2.3333333333333335
2.0476190476190474
1.5333333333333334
1.9461538461538461
1.4166666666666667
1.9861111111111112
2.1466666666666665
2.393939393939394
1.6666666666666667
1.967741935483871
2.015151515151515
2.261904761904762
2.466666666666667
1.9
2.0277777777777777
1.9333333333333333
3.6666666666666665
1.8933333333333333
2.016431924882629
2.217948717948718
2.3333333333333335
1.9494949494949494
2.0833333333333335
1.9259259259259258
2.2666666666666666
2.4444444444444446
2.028985507246377
1.8095238095238095
2.1481481481481484
2.287878787878788
2.3055555555555554
2.1
2.0416666666666665
1.9166666666666667
2.7777777777777777
1.7666666666666666
1.9166666666666667
2.0555555555555554
2.125
2.25
2.3333333333333335
2.1333333333333333
1.8333333333333333
1.5952380952380953
1.6
1.8865248226950355
2.2
1.8888888888888888
1.9019607843137254
2.0254777070063694
1.7333333333333334
2.1956521739130435
2.0
2.25
2.037037037037037
2.380952380952381
1.8888888888888888
2.2777777777777777
2.0952380952380953
2.0387596899224807
2.066666666666667
1.9722222222222223
2.0
1.4848484848484849
1.4848484848484849
2.1893939393939394
2.0555555555555554
2.2045454545454546
1.836734693877551
1.5128205128205128
2.6666666666666665
1.7719298245614035
2.1277445109780437
2.0
2.3209876543209877
1.5
2.066666666666667
2.5
2.021276595744681
2.066666666666667
2.1523809523809523
1.9743589743589745
2.234234234234234
2.0
2.1704718417047184
2.2
2.642857142857143
1.8333333333333333
2.3106060606060606
2.2719298245614037
1.8333333333333333
2.5555555555555554
1.303030303030303
1.9666666666666666
2.066666666666667
1.8888888888888888
2.75
1.8693693693693694
2.3333333333333335
2.0
2.4444444444444446
1.9444444444444444
1.8076923076923077
2.259259259259259
2.5833333333333335
2.019607843137255
1.8888888888888888
1.7777777777777777
2.015873015873016
2.4074074074074074
1.9583333333333333
1.9791666666666667
2.066666666666667
2.1133333333333333
2.0
2.1866666666666665
2.3333333333333335
2.566666666666667
3.0833333333333335
2.6666666666666665
2.2023809523809526
2.4444444444444446
2.7777777777777777
2.619047619047619
2.5625
1.8833333333333333
1.9666666666666666
1.5833333333333333
2.0144927536231885
2.0416666666666665
1.8518518518518519
1.9333333333333333
2.5555555555555554
1.3333333333333333
1.8666666666666667
2.0694444444444446
1.8070175438596492
2.028985507246377
2.142857142857143
2.2083333333333335
2.0964912280701755
2.2962962962962963
1.75
2.0833333333333335
2.4166666666666665
2.2777777777777777
1.7222222222222223
2.0476190476190474
2.1538461538461537
2.0256410256410255
2.2241379310344827
2.2962962962962963
2.1538461538461537
2.25
2.111111111111111
2.1666666666666665
1.9666666666666666
2.264367816091954
2.2564102564102564
2.0
2.04
2.466666666666667
2.4444444444444446
1.4
2.1333333333333333
1.7777777777777777
1.9333333333333333
2.2
2.4
1.5333333333333334
2.638888888888889
1.7037037037037037
1.5333333333333334
1.7777777777777777
1.3333333333333333
2.0256410256410255
2.5555555555555554
2.5555555555555554
1.794871794871795
1.8
2.142857142857143
2.4444444444444446
1.8974358974358974
2.259259259259259
1.8666666666666667
1.8333333333333333
2.1666666666666665
2.0
1.7619047619047619
1.6666666666666667
2.0416666666666665
1.7333333333333334
2.5952380952380953
2.0714285714285716
2.3333333333333335
2.1507936507936507
1.9639639639639639
2.25
1.9166666666666667
1.8518518518518519
2.1457085828343314
1.95
2.111111111111111
1.9215686274509804
2.3333333333333335
2.1041666666666665
1.7777777777777777
1.75
1.9908256880733946
2.4814814814814814
2.216666666666667
2.0526315789473686
2.1904761904761907
2.074074074074074
2.0952380952380953
2.2666666666666666
1.9166666666666667
2.4761904761904763
1.6666666666666667
1.7619047619047619
1.9298245614035088
1.8518518518518519
2.0714285714285716
2.282051282051282
1.9333333333333333
1.880952380952381
2.175438596491228
2.1466666666666665
2.456140350877193
2.037037037037037
2.1666666666666665
1.6666666666666667
2.0520833333333335
2.1666666666666665
2.1325301204819276
2.2083333333333335
1.7777777777777777
2.3333333333333335
1.880952380952381
2.126126126126126
2.7333333333333334
2.0606060606060606
1.5833333333333333
3.6
2.088888888888889
2.066666666666667
1.6666666666666667
2.0
1.8148148148148149
1.9166666666666667
2.111111111111111
2.0
1.7179487179487178
1.9583333333333333
2.314814814814815
1.8518518518518519
2.289855072463768
1.6666666666666667
2.0
2.0303030303030303
2.2916666666666665
2.3333333333333335
1.728395061728395
2.4814814814814814
2.4444444444444446
2.0
2.022222222222222
2.0729166666666665
1.7011494252873562
2.75
1.7266666666666666
2.0891472868217056
2.2
1.8333333333333333
2.0
2.2666666666666666
2.6666666666666665
1.9666666666666666
2.04040404040404
1.6666666666666667
2.066666666666667
2.1904761904761907
1.9523809523809523
2.5555555555555554
1.8
2.3120567375886525
2.212121212121212
1.5185185185185186
2.0104166666666665
2.121212121212121
2.1176470588235294
2.0208333333333335
1.9361370716510904
2.0
1.8333333333333333
1.9696969696969697
2.3333333333333335
1.8857142857142857
2.0760869565217392
2.4444444444444446
2.1666666666666665
1.9833333333333334
1.9166666666666667
2.4166666666666665
2.3333333333333335
1.7953216374269005
2.2753623188405796
1.7777777777777777
1.8666666666666667
2.111111111111111
1.8333333333333333
2.0833333333333335
2.0952380952380953
1.9444444444444444
2.0
2.2291666666666665
1.9090909090909092
2.0277777777777777
2.2666666666666666
1.7962962962962963
1.6666666666666667
2.1666666666666665
1.6111111111111112
2.1666666666666665
1.7407407407407407
2.4
2.2
2.4
2.1333333333333333
2.066666666666667
1.7083333333333333
2.210526315789474
1.8333333333333333
1.75
1.813953488372093
1.9736842105263157
2.066666666666667
2.142857142857143
2.3333333333333335
1.8333333333333333
1.4814814814814814
2.3333333333333335
1.7333333333333334
1.6507936507936507
2.1333333333333333
2.0
2.1458333333333335
1.6666666666666667
1.9444444444444444
1.5740740740740742
1.7333333333333334
1.5833333333333333
2.2777777777777777
2.0
2.621212121212121
2.2545454545454544
2.0606060606060606
1.7619047619047619
1.8974358974358974
2.3333333333333335
1.5128205128205128
1.7222222222222223
2.215686274509804
2.0
2.466666666666667
1.5555555555555556
1.8333333333333333
1.9285714285714286
1.9666666666666666
2.0
2.119047619047619
2.2777777777777777
2.0833333333333335
2.185185185185185
2.0
1.5
2.375
1.8205128205128205
2.1481481481481484
2.111111111111111
1.9166666666666667
1.6666666666666667
1.8733333333333333
1.2222222222222223
1.8148148148148149
2.125
2.242424242424242
2.1333333333333333
2.111111111111111
2.164102564102564
1.8461538461538463
2.0476190476190474
2.1777777777777776
2.4285714285714284
1.4285714285714286
1.7142857142857142
1.6666666666666667
2.1904761904761907
1.641025641025641
1.7333333333333334
2.2142857142857144
2.0833333333333335
2.1041666666666665
1.5802469135802468
2.5
1.6979166666666667
0.9166666666666666
1.4666666666666666
2.2222222222222223
2.8333333333333335
2.0866666666666664
2.2666666666666666
1.9047619047619047
1.75
1.5333333333333334
1.8431372549019607
2.2063492063492065
2.2393162393162394
1.9696969696969697
1.8148148148148149
2.0
2.0833333333333335
1.5555555555555556
1.6666666666666667
1.9166666666666667
1.7666666666666666
1.95
2.0
2.0
2.090909090909091
2.4166666666666665
2.05
1.7261904761904763
1.956989247311828
1.2666666666666666
2.361111111111111
1.8412698412698412
1.894736842105263
2.2333333333333334
2.3333333333333335
2.25
2.1052631578947367
2.3333333333333335
2.0462962962962963
2.3333333333333335
2.466666666666667
1.7152777777777777
2.1333333333333333
1.8888888888888888
1.7654320987654322
1.8333333333333333
2.0555555555555554
1.9300411522633745
1.9871794871794872
2.1481481481481484
2.019047619047619
1.9166666666666667
1.6666666666666667
2.3055555555555554
1.9259259259259258
2.0952380952380953
2.1666666666666665
2.393939393939394
1.924731182795699
2.066666666666667
2.152046783625731
1.5454545454545454
2.388888888888889
2.2222222222222223
1.4166666666666667
2.0952380952380953
2.1481481481481484
2.3703703703703702
1.9523809523809523
2.0
2.0
2.0952380952380953
1.5833333333333333
1.9259259259259258
2.111111111111111
2.0833333333333335
2.5555555555555554
1.8933333333333333
2.4
2.0804597701149423
1.8095238095238095
2.051282051282051
2.0952380952380953
2.0833333333333335
2.0555555555555554
1.9333333333333333
1.9444444444444444
2.1785714285714284
1.6666666666666667
2.5833333333333335
1.75
2.2222222222222223
2.3333333333333335
2.4
1.7435897435897436
1.5
2.4583333333333335
2.4444444444444446
2.2
1.75
1.9722222222222223
2.079861111111111
2.0555555555555554
2.022222222222222
2.0
2.125
2.3333333333333335
2.5
2.380952380952381
2.0
2.272727272727273
2.2666666666666666
2.1666666666666665
2.380952380952381
1.5263157894736843
1.8888888888888888
2.1228070175438596
1.9166666666666667
2.111111111111111
2.0701754385964914
2.1333333333333333
2.185185185185185
1.6666666666666667
2.5555555555555554
1.9743589743589745
1.6666666666666667
2.111111111111111
2.0416666666666665
1.5833333333333333
2.1666666666666665
2.111111111111111
1.8
2.3333333333333335
1.7777777777777777
1.8
1.7777777777777777
2.4444444444444446
2.9166666666666665
2.1737089201877935
2.25
1.9607843137254901
2.5
2.1041666666666665
2.0952380952380953
2.5833333333333335
2.2
2.2
1.7916666666666667
1.7333333333333334
2.074074074074074
2.0
1.9111111111111112
2.1818181818181817
2.6666666666666665
2.4285714285714284
1.7333333333333334
1.7777777777777777
1.5833333333333333
2.2
2.0869565217391304
2.2962962962962963
1.7333333333333334
2.611111111111111
1.6984126984126984
1.7333333333333334
2.1
2.111111111111111
2.2222222222222223
2.3333333333333335
2.388888888888889
2.2222222222222223
2.1666666666666665
2.0
2.5833333333333335
2.4444444444444446
2.111111111111111
2.0833333333333335
1.8333333333333333
2.0952380952380953
2.121212121212121
2.2753623188405796
1.5555555555555556
2.388888888888889
1.8
1.8484848484848484
1.7777777777777777
1.8541666666666667
2.0
1.696969696969697
1.6333333333333333
1.6266666666666667
2.5833333333333335
2.5454545454545454
2.111111111111111
1.4666666666666666
2.066666666666667
2.135593220338983
2.5
2.111111111111111
1.6666666666666667
2.3703703703703702
1.9166666666666667
1.9333333333333333
1.6666666666666667
2.1777777777777776
2.4166666666666665
1.6666666666666667
2.125
1.8571428571428572
2.107843137254902
2.5
2.1666666666666665
1.8888888888888888
2.1333333333333333
2.3333333333333335
1.7666666666666666
2.094017094017094
1.75
2.066666666666667
2.5555555555555554
2.2580645161290325
1.5555555555555556
1.9166666666666667
2.5555555555555554
1.5777777777777777
2.0
1.9047619047619047
2.1666666666666665
2.3333333333333335
1.5833333333333333
2.625
1.7777777777777777
2.0833333333333335
2.4
2.05
2.0
1.8928571428571428
2.0833333333333335
2.2051282051282053
2.4814814814814814
1.9444444444444444
2.4761904761904763
2.3333333333333335
2.4
1.9333333333333333
1.8333333333333333
2.0
2.2333333333333334
2.1666666666666665
2.3333333333333335
1.9333333333333333
2.020408163265306
1.8095238095238095
2.0
2.0833333333333335
1.9555555555555555
1.7843137254901962
1.9444444444444444
1.9166666666666667
1.7777777777777777
2.1666666666666665
2.3333333333333335
1.8
1.7333333333333334
2.6666666666666665
2.3333333333333335
1.9523809523809523
1.6666666666666667
1.6
1.7333333333333334
2.0952380952380953
2.175438596491228
1.7142857142857142
2.1333333333333333
2.2564102564102564
2.2
1.5714285714285714
1.6
2.066666666666667
1.9019607843137254
2.5
2.2222222222222223
1.6666666666666667
1.6666666666666667
2.5
2.0
2.4
1.8666666666666667
2.1333333333333333
1.8888888888888888
2.1944444444444446
1.9583333333333333
2.3333333333333335
1.9333333333333333
2.171171171171171
2.0256410256410255
2.238095238095238
2.6666666666666665
1.6
2.4
2.466666666666667
1.9583333333333333
1.8888888888888888
2.6333333333333333
2.3333333333333335
2.388888888888889
2.066666666666667
2.0416666666666665
1.8333333333333333
2.2635658914728682
2.642857142857143
1.6666666666666667
1.9722222222222223
1.6
1.9
2.6666666666666665
1.8333333333333333
2.1
2.1333333333333333
1.8333333333333333
2.2222222222222223
1.9523809523809523
2.0476190476190474
2.142857142857143
2.0833333333333335
2.138888888888889
1.9275362318840579
2.4444444444444446
1.6666666666666667
2.0
2.3333333333333335
2.3333333333333335
2.466666666666667
2.2
2.0
1.6111111111111112
1.75
2.185185185185185
2.4444444444444446
1.9696969696969697
1.9523809523809523
2.125
1.6
1.8666666666666667
2.5185185185185186
1.7222222222222223
2.0833333333333335
2.7083333333333335
1.6666666666666667
1.8888888888888888
2.074074074074074
2.1481481481481484
1.8666666666666667
2.411764705882353
2.5833333333333335
2.142857142857143
1.4444444444444444
1.864864864864865
1.7703703703703704
1.8888888888888888
1.8095238095238095
1.6666666666666667
2.1333333333333333
1.4
1.9523809523809523
1.7777777777777777
2.25
1.7094017094017093
2.3333333333333335
2.0277777777777777
2.212121212121212
1.9487179487179487
2.2222222222222223
1.6666666666666667
1.5833333333333333
2.25
2.4
2.0
1.5714285714285714
1.3333333333333333
2.4761904761904763
2.0
2.3333333333333335
2.3333333333333335
1.4761904761904763
2.4
2.25
2.246376811594203
1.6111111111111112
2.0
1.8888888888888888
1.75
2.3
2.4814814814814814
2.3333333333333335
3.5833333333333335
1.7333333333333334
1.7619047619047619
1.9166666666666667
2.0
2.3703703703703702
2.0
1.7
2.5
2.6
2.4
3.0
1.6666666666666667
2.1666666666666665
2.2777777777777777
2.2982456140350878
1.3333333333333333
2.0833333333333335
1.7333333333333334
2.75
1.75
1.9365079365079365
1.7619047619047619
2.0434782608695654
2.111111111111111
2.0
1.8333333333333333
1.5333333333333334
2.0
1.5
2.142857142857143
1.7142857142857142
2.0555555555555554
2.1666666666666665
2.0
2.111111111111111
2.4166666666666665
1.7916666666666667
1.8
1.3333333333333333
2.3333333333333335
2.0833333333333335
1.875
2.3333333333333335
2.2222222222222223
1.8888888888888888
2.185185185185185
2.074074074074074
2.1666666666666665
2.0
2.1666666666666665
2.119047619047619
1.4
2.0833333333333335
2.111111111111111
2.0392156862745097
2.5
2.0
1.8
1.8055555555555556
2.3333333333333335
1.8333333333333333
1.4166666666666667
2.3333333333333335
1.9
2.3333333333333335
2.0
2.0
2.2666666666666666
1.8888888888888888
1.3888888888888888
2.0833333333333335
2.0
2.1666666666666665
2.2666666666666666
1.9444444444444444
1.6666666666666667
1.8333333333333333
3.066666666666667
1.9166666666666667
1.4848484848484849
2.6666666666666665
1.6666666666666667
2.111111111111111
2.2083333333333335
2.6
3.3333333333333335
2.0555555555555554
1.75
2.466666666666667
2.111111111111111
1.9230769230769231
1.9761904761904763
1.7916666666666667
2.230769230769231
1.7142857142857142
2.111111111111111
1.8095238095238095
2.2666666666666666
2.4166666666666665
2.0
2.3333333333333335
2.4
2.0555555555555554
2.0476190476190474
1.8333333333333333
1.9333333333333333
2.111111111111111
1.6111111111111112
2.7777777777777777
2.75
1.8
1.9523809523809523
2.0
2.4
2.2
2.5
3.3333333333333335
1.5833333333333333
1.9333333333333333
2.25
2.0
2.0833333333333335
2.3333333333333335
2.1333333333333333
2.0925925925925926
1.7222222222222223
1.8333333333333333
2.311111111111111
1.9285714285714286
1.8518518518518519
1.7142857142857142
1.5333333333333334
1.5714285714285714
2.1666666666666665
2.611111111111111
2.2666666666666666
2.9166666666666665
2.0
2.1666666666666665
1.7037037037037037
2.142857142857143
1.8666666666666667
1.75
1.7777777777777777
2.5555555555555554
2.2222222222222223
2.7037037037037037
2.6666666666666665
2.4444444444444446
1.8333333333333333
2.2777777777777777
2.0
2.0
1.9166666666666667
2.3666666666666667
2.0
2.0
2.8333333333333335
1.4166666666666667
1.7777777777777777
1.4166666666666667
1.9666666666666666
2.0952380952380953
2.0833333333333335
2.4285714285714284
2.4444444444444446
1.9333333333333333
2.111111111111111
