9.074074074074074
9.91194968553459
9.285714285714286
9.22639933166249
9.454545454545455
9.256830601092895
9.333333333333334
9.166666666666666
9.75
9.952380952380953
9.11111111111111
9.083333333333334
9.666666666666666
9.636363636363637
9.20125786163522
10.0
9.466666666666667
9.333333333333334
9.236842105263158
9.444444444444445
9.338983050847459
9.136054421768707
9.39047619047619
8.842592592592593
9.733333333333333
9.37037037037037
9.422222222222222
10.066666666666666
9.034013605442176
9.342465753424657
8.333333333333334
9.296103896103896
8.99074074074074
9.595628415300547
9.432432432432432
9.16
9.456140350877194
10.066666666666666
9.628571428571428
9.00531914893617
9.581920903954803
9.61111111111111
8.367816091954023
8.11111111111111
9.391727493917275
9.7
9.666666666666666
9.083333333333334
9.416666666666666
9.46376811594203
9.4
9.304347826086957
9.53623188405797
9.833333333333334
9.437158469945356
9.285714285714286
9.63888888888889
9.833333333333334
9.203703703703704
8.75
8.333333333333334
9.277777777777779
9.3
9.733333333333333
8.466666666666667
9.516908212560386
9.345238095238095
9.527777777777779
9.428571428571429
9.875
9.179012345679013
8.774193548387096
9.454545454545455
9.586206896551724
8.970760233918128
8.777777777777779
10.25
9.238518518518518
9.816666666666666
9.4
9.235294117647058
9.166666666666666
9.070175438596491
9.619047619047619
9.047619047619047
9.086021505376344
9.607843137254902
9.27363184079602
9.333333333333334
9.577777777777778
9.306306306306306
9.398692810457517
9.333333333333334
9.777777777777779
9.777777777777779
10.047619047619047
8.8
9.074581430745814
9.8
9.291666666666666
9.285714285714286
9.055555555555555
9.630952380952381
9.053140096618357
9.444444444444445
9.5
10.098039215686274
9.488372093023257
9.506944444444445
9.35
9.44186046511628
9.6875
9.102564102564102
8.971354166666666
9.521604938271604
9.274569402228977
9.333333333333334
9.13888888888889
9.101449275362318
9.857142857142858
9.275
9.916666666666666
9.435897435897436
9.666666666666666
9.133333333333333
9.380952380952381
8.925
9.4
9.343137254901961
8.958333333333334
9.444444444444445
9.0
8.916666666666666
9.4
9.547619047619047
9.28310502283105
9.777777777777779
10.0
8.875
9.733333333333333
9.342723004694836
9.40650406504065
9.435897435897436
8.793650793650794
9.733333333333333
9.0
9.36111111111111
9.210144927536232
9.933333333333334
9.277777777777779
9.761904761904763
9.384615384615385
9.916666666666666
9.866666666666667
9.5
9.547619047619047
8.555555555555555
9.0
8.777777777777779
9.019607843137255
9.38888888888889
9.354166666666666
9.211711711711711
9.75
9.393939393939394
9.666666666666666
9.410736579275905
9.148148148148149
9.222222222222221
9.079365079365079
9.444444444444445
9.722222222222221
9.71069182389937
9.240079365079366
8.527777777777779
9.6
8.595238095238095
9.878787878787879
9.405405405405405
9.1875
9.6
9.238095238095237
9.466666666666667
9.4
8.595238095238095
8.952380952380953
9.192982456140351
9.467514124293785
10.0
9.11111111111111
8.296296296296296
8.333333333333334
9.357142857142858
7.541666666666667
9.636363636363637
9.6
8.97037037037037
9.346666666666666
9.38888888888889
9.4375
9.616666666666667
8.666666666666666
9.60392156862745
8.967871485943775
9.745098039215685
9.142857142857142
9.314814814814815
9.074074074074074
9.5
9.083333333333334
9.244186046511627
7.833333333333333
9.25
9.133333333333333
9.916666666666666
8.868055555555555
9.5
9.25531914893617
9.952380952380953
8.706214689265536
9.696969696969697
9.296296296296296
9.134751773049645
8.5
10.0
9.333333333333334
9.23076923076923
9.675675675675675
9.73913043478261
8.555555555555555
9.5
9.568627450980392
10.0
9.424242424242424
9.338308457711443
10.019607843137255
9.133333333333333
9.128205128205128
9.036036036036036
9.616858237547893
9.083333333333334
9.14516129032258
9.595238095238095
9.055555555555555
10.11111111111111
9.166666666666666
9.5
9.317185697808535
9.76923076923077
9.619047619047619
8.93939393939394
9.7
9.349896480331262
9.166666666666666
9.44927536231884
7.972222222222222
8.966666666666667
9.25
9.179702048417132
10.2
8.5
9.708333333333334
9.443868739205527
9.090909090909092
10.0
9.352941176470589
9.4
8.166666666666666
8.4
9.157894736842104
10.285714285714286
9.5
9.588235294117647
9.0
8.421052631578947
9.530864197530864
9.733333333333333
9.266666666666667
9.623931623931623
9.916666666666666
9.375
9.962962962962964
9.545454545454545
9.166666666666666
9.18407960199005
9.358320042530568
8.666666666666666
9.137931034482758
9.616161616161616
9.916666666666666
9.156862745098039
8.85823754789272
9.055555555555555
9.645669291338583
8.916666666666666
9.794871794871796
9.555555555555555
9.5
9.173333333333334
9.666666666666666
10.055555555555555
9.022222222222222
9.185185185185185
9.466666666666667
9.58974358974359
9.375
9.0
9.21505376344086
9.0
9.842105263157896
9.63888888888889
8.766666666666667
9.304347826086957
9.5
9.179487179487179
9.25
9.252408477842003
9.285714285714286
9.73611111111111
9.62962962962963
9.195402298850574
9.41025641025641
9.333333333333334
9.392156862745098
9.5
8.782051282051283
8.988662131519275
8.944444444444445
9.313725490196079
9.61111111111111
9.0
8.956140350877194
9.733333333333333
9.925925925925926
9.548148148148147
9.61111111111111
9.401709401709402
9.316666666666666
9.547169811320755
9.5625
9.88888888888889
9.56140350877193
9.312757201646091
9.222222222222221
9.583333333333334
9.533333333333333
8.666666666666666
9.44186046511628
9.511627906976743
9.541666666666666
9.26086956521739
9.614035087719298
9.805555555555555
9.411764705882353
9.333333333333334
9.27491408934708
9.523809523809524
9.529411764705882
9.10032362459547
9.125
8.277777777777779
9.285714285714286
9.333333333333334
9.277777777777779
9.714285714285714
9.43939393939394
9.355555555555556
8.481481481481481
9.5
9.128378378378379
9.142857142857142
9.352941176470589
9.504115226337449
9.733333333333333
9.15625
9.487179487179487
8.133333333333333
9.826086956521738
9.314814814814815
9.4
9.333333333333334
9.736842105263158
9.619047619047619
8.88888888888889
10.25
9.198429693076374
9.44677137870855
9.533333333333333
9.48989898989899
9.0
9.333333333333334
9.228070175438596
9.396825396825397
9.260416666666666
8.212121212121213
9.025641025641026
8.821428571428571
10.11111111111111
9.2
9.119047619047619
9.820512820512821
9.555555555555555
9.25
8.380952380952381
9.03921568627451
9.541666666666666
9.466666666666667
8.955555555555556
9.476190476190476
10.166666666666666
9.2
9.25
10.0
9.642857142857142
9.4
9.761904761904763
9.095238095238095
9.833333333333334
8.91304347826087
9.125
9.428571428571429
8.90702947845805
10.066666666666666
9.6
8.735294117647058
9.233333333333333
9.5
9.350427350427351
9.380952380952381
9.458762886597938
9.679012345679013
9.166666666666666
9.333333333333334
9.88888888888889
9.602564102564102
9.58974358974359
9.933333333333334
9.11111111111111
9.375
9.333333333333334
9.352941176470589
9.416666666666666
8.969696969696969
9.484375
9.518518518518519
9.380952380952381
9.015873015873016
8.822222222222223
9.404494382022472
10.037037037037036
8.966666666666667
9.188888888888888
9.72
9.9
8.466666666666667
8.972222222222221
9.708994708994709
9.148148148148149
9.590909090909092
9.821138211382113
9.130434782608695
9.320512820512821
9.714285714285714
8.266666666666667
9.851851851851851
8.566666666666666
9.56989247311828
9.2
9.522727272727273
8.9
9.833333333333334
9.333333333333334
9.69182389937107
9.666666666666666
10.074074074074074
9.57516339869281
9.623188405797102
8.701149425287356
9.152777777777779
9.520833333333334
10.0
9.102564102564102
9.333333333333334
9.0
8.974358974358974
9.666666666666666
9.047619047619047
9.166666666666666
8.75
9.151515151515152
10.125
9.5
9.19047619047619
10.083333333333334
9.296296296296296
9.433333333333334
8.777777777777779
9.666666666666666
9.222222222222221
8.833333333333334
9.88888888888889
9.291666666666666
9.25
10.222222222222221
9.222222222222221
9.296296296296296
9.619047619047619
9.030303030303031
8.541666666666666
9.11111111111111
9.0
8.333333333333334
9.393939393939394
10.666666666666666
8.0
9.156862745098039
9.310886644219977
9.25
9.575757575757576
9.333333333333334
9.0
10.0
9.35
9.333333333333334
9.53623188405797
9.714285714285714
9.0
9.69047619047619
9.277777777777779
9.625
9.814814814814815
9.333333333333334
9.533333333333333
8.541666666666666
9.547619047619047
8.958333333333334
8.962962962962964
9.62962962962963
9.285714285714286
9.559139784946236
9.22695035460993
9.36111111111111
8.11111111111111
9.199312714776632
8.555555555555555
10.083333333333334
9.375
9.095238095238095
9.75
9.768115942028986
9.636363636363637
9.201754385964913
9.0
9.571428571428571
9.950980392156863
8.948717948717949
9.269406392694064
9.724806201550388
9.150103519668738
9.238095238095237
9.418439716312056
9.838709677419354
9.738095238095237
9.74074074074074
9.518518518518519
9.61111111111111
9.222222222222221
10.071428571428571
9.416666666666666
9.458333333333334
9.904761904761905
8.583333333333334
8.666666666666666
9.666666666666666
9.38888888888889
9.555555555555555
9.466666666666667
8.9375
9.65079365079365
9.694444444444445
9.095238095238095
9.666666666666666
8.722222222222221
9.933333333333334
9.166666666666666
9.384615384615385
9.722222222222221
9.222222222222221
9.179487179487179
9.62551440329218
9.5
9.208333333333334
9.36111111111111
9.166666666666666
8.916666666666666
9.8
9.541666666666666
9.38888888888889
9.380952380952381
9.684684684684685
9.432098765432098
9.784313725490197
9.083333333333334
9.625
9.282051282051283
8.166666666666666
9.2
8.714285714285714
8.933333333333334
9.417948717948718
10.5
9.666666666666666
9.333333333333334
9.545454545454545
9.583333333333334
9.591397849462366
9.651515151515152
9.333333333333334
8.0
9.333333333333334
9.527777777777779
9.666666666666666
8.333333333333334
9.853333333333333
9.511737089201878
9.423076923076923
9.095238095238095
9.636363636363637
9.166666666666666
9.37037037037037
10.066666666666666
9.277777777777779
9.289855072463768
9.714285714285714
9.25925925925926
9.606060606060606
9.13888888888889
9.033333333333333
9.541666666666666
9.416666666666666
8.925925925925926
9.8
9.666666666666666
9.222222222222221
9.520833333333334
9.166666666666666
9.5
9.133333333333333
9.666666666666666
9.333333333333334
9.333333333333334
9.23404255319149
9.266666666666667
9.61111111111111
9.529411764705882
9.371549893842888
9.577777777777778
9.471014492753623
9.416666666666666
8.791666666666666
8.839506172839506
9.428571428571429
9.38888888888889
8.555555555555555
9.380952380952381
9.372093023255815
9.6
9.86111111111111
9.416666666666666
9.606060606060606
9.424242424242424
9.299242424242424
9.5
8.507575757575758
9.54421768707483
9.179487179487179
8.476190476190476
9.456140350877194
9.17564870259481
9.848484848484848
8.481481481481481
9.166666666666666
9.866666666666667
9.444444444444445
9.659574468085106
9.166666666666666
9.304761904761905
9.564102564102564
9.072072072072071
9.733333333333333
9.280060882800608
9.666666666666666
8.857142857142858
9.291666666666666
9.159090909090908
9.175438596491228
9.944444444444445
9.722222222222221
9.93939393939394
9.4
9.4
8.444444444444445
8.933333333333334
9.184684684684685
9.63888888888889
9.733333333333333
9.555555555555555
8.944444444444445
9.634615384615385
8.703703703703704
9.583333333333334
9.764705882352942
9.555555555555555
8.935185185185185
9.126984126984127
9.666666666666666
9.333333333333334
9.583333333333334
9.8
9.12
9.0
9.24
9.88888888888889
9.05
7.5
9.75
8.857142857142858
9.185185185185185
10.0
8.761904761904763
9.0
9.341666666666667
9.466666666666667
9.916666666666666
9.53623188405797
9.291666666666666
9.11111111111111
9.666666666666666
9.0
10.25
10.0
8.847222222222221
9.298245614035087
9.53623188405797
9.333333333333334
8.875
9.350877192982455
9.074074074074074
9.833333333333334
9.666666666666666
9.416666666666666
9.25
9.11111111111111
9.238095238095237
9.333333333333334
9.307692307692308
9.39655172413793
9.555555555555555
9.346153846153847
9.083333333333334
9.38888888888889
9.625
9.302941176470588
9.160919540229886
8.948717948717949
9.38888888888889
9.226666666666667
10.0
9.333333333333334
9.466666666666667
7.8
9.555555555555555
9.266666666666667
9.733333333333333
9.8
9.6
8.86111111111111
9.222222222222221
9.8
10.222222222222221
9.666666666666666
9.294871794871796
9.37037037037037
9.5
9.76923076923077
9.866666666666667
8.880952380952381
9.777777777777779
9.512820512820513
9.296296296296296
9.4
9.333333333333334
9.0
9.25
8.714285714285714
8.833333333333334
9.270833333333334
9.733333333333333
9.428571428571429
9.333333333333334
10.11111111111111
9.341269841269842
9.45945945945946
8.75
9.666666666666666
9.777777777777779
9.58682634730539
9.333333333333334
9.148148148148149
9.529411764705882
9.027777777777779
9.708333333333334
9.444444444444445
9.25
9.608562691131498
9.555555555555555
9.083333333333334
9.017543859649123
9.761904761904763
9.425925925925926
9.076190476190476
9.666666666666666
8.854166666666666
9.380952380952381
9.8
9.142857142857142
9.263157894736842
10.148148148148149
9.380952380952381
9.051282051282051
9.066666666666666
9.526785714285714
9.631578947368421
9.226666666666667
8.894736842105264
9.037037037037036
8.875
10.166666666666666
9.572916666666666
9.333333333333334
9.23293172690763
9.375
9.277777777777779
9.416666666666666
8.928571428571429
9.25900900900901
8.733333333333333
9.545454545454545
9.055555555555555
7.8
8.688888888888888
9.466666666666667
10.095238095238095
9.222222222222221
9.62962962962963
9.291666666666666
9.11111111111111
10.071428571428571
8.923076923076923
9.375
9.296296296296296
9.555555555555555
9.478260869565217
9.444444444444445
8.666666666666666
9.06060606060606
9.5
9.166666666666666
9.641975308641975
8.666666666666666
9.833333333333334
9.5
9.666666666666666
9.53125
9.39080459770115
8.472222222222221
9.553333333333333
9.542635658914728
8.9
9.277777777777779
8.944444444444445
8.666666666666666
7.0
9.55
9.272727272727273
10.133333333333333
8.733333333333333
9.523809523809524
9.380952380952381
9.777777777777779
9.466666666666667
9.574468085106384
9.545454545454545
9.88888888888889
9.53125
9.151515151515152
9.343137254901961
9.520833333333334
9.42056074766355
9.518518518518519
9.5
9.787878787878787
9.777777777777779
9.276190476190477
9.376811594202898
9.814814814814815
10.208333333333334
9.688888888888888
9.25
9.416666666666666
9.5
9.678362573099415
9.26086956521739
9.444444444444445
9.0
9.166666666666666
9.75
9.25
9.630952380952381
8.61111111111111
9.555555555555555
8.916666666666666
9.727272727272727
9.63888888888889
9.733333333333333
9.12962962962963
10.25
9.458333333333334
10.166666666666666
9.5
10.037037037037036
8.933333333333334
10.066666666666666
9.266666666666667
9.133333333333333
9.466666666666667
9.916666666666666
9.508771929824562
9.166666666666666
9.5
9.527131782945736
9.74561403508772
9.533333333333333
9.428571428571429
9.0
8.933333333333334
8.444444444444445
9.0
10.266666666666667
9.11111111111111
10.333333333333334
9.266666666666667
9.1875
9.833333333333334
9.166666666666666
9.537037037037036
10.133333333333333
9.0
9.222222222222221
9.253968253968255
8.681818181818182
9.521212121212121
9.333333333333334
9.130952380952381
9.23076923076923
10.266666666666667
9.35897435897436
9.38888888888889
9.176470588235293
9.666666666666666
9.333333333333334
9.0
8.86111111111111
9.11111111111111
9.366666666666667
9.857142857142858
9.285714285714286
9.63888888888889
10.0
9.074074074074074
9.088888888888889
9.666666666666666
8.458333333333334
9.384615384615385
9.481481481481481
9.222222222222221
8.972222222222221
9.0
9.286666666666667
10.0
9.351851851851851
9.0
8.93939393939394
8.733333333333333
9.333333333333334
9.47948717948718
9.333333333333334
9.285714285714286
9.422222222222222
8.80952380952381
9.761904761904763
9.904761904761905
9.604166666666666
9.476190476190476
9.58974358974359
9.433333333333334
9.380952380952381
9.916666666666666
9.75
9.950617283950617
9.61111111111111
9.625
9.833333333333334
9.133333333333333
9.5
8.75
9.76
9.133333333333333
9.476190476190476
9.833333333333334
9.333333333333334
9.607843137254902
9.11111111111111
9.564102564102564
9.090909090909092
9.62962962962963
9.416666666666666
8.75
9.444444444444445
9.333333333333334
8.75
9.2
9.491666666666667
8.820512820512821
9.636363636363637
9.072727272727272
9.75
9.116666666666667
9.886904761904763
9.301075268817204
10.2
9.194444444444445
9.365079365079366
9.771929824561404
9.133333333333333
8.5
7.333333333333333
9.491228070175438
8.444444444444445
9.518518518518519
9.5
9.733333333333333
9.23611111111111
8.533333333333333
9.444444444444445
9.493827160493828
10.047619047619047
9.11111111111111
9.51440329218107
9.26923076923077
9.037037037037036
9.790476190476191
10.083333333333334
9.357142857142858
8.5
9.407407407407407
8.285714285714286
8.833333333333334
8.363636363636363
9.806451612903226
9.733333333333333
9.502923976608187
9.772727272727273
9.444444444444445
9.0
10.083333333333334
9.333333333333334
8.851851851851851
8.222222222222221
9.047619047619047
9.375
8.75
9.03896103896104
9.25
9.455026455026456
9.666666666666666
8.833333333333334
9.11111111111111
9.386666666666667
9.333333333333334
9.689655172413794
9.523809523809524
9.205128205128204
9.396825396825397
9.25
9.333333333333334
9.666666666666666
9.277777777777779
9.392857142857142
9.0
9.833333333333334
9.166666666666666
9.722222222222221
9.0
9.266666666666667
9.41025641025641
10.083333333333334
8.666666666666666
9.61111111111111
8.133333333333333
9.416666666666666
9.0
9.51736111111111
9.75
9.71111111111111
9.327868852459016
9.229166666666666
9.4
8.0
9.0
9.708333333333334
9.303030303030303
9.0
9.722222222222221
9.11111111111111
9.5
9.62962962962963
8.649122807017545
9.583333333333334
8.777777777777779
9.508771929824562
9.066666666666666
9.148148148148149
10.11111111111111
8.666666666666666
9.307692307692308
9.75
10.0
9.833333333333334
9.75
9.777777777777779
9.955555555555556
9.733333333333333
8.933333333333334
9.592592592592593
9.466666666666667
9.222222222222221
8.88888888888889
9.25
9.497652582159624
9.25
10.117647058823529
8.571428571428571
9.354166666666666
9.0
8.25
9.066666666666666
10.0
9.569444444444445
9.666666666666666
9.37037037037037
9.238095238095237
9.266666666666667
9.969696969696969
8.866666666666667
9.047619047619047
9.466666666666667
9.555555555555555
9.75
9.066666666666666
9.73913043478261
8.814814814814815
10.2
9.61111111111111
9.777777777777779
10.4
9.333333333333334
8.777777777777779
8.851851851851851
9.6
9.61111111111111
8.644444444444444
9.261904761904763
9.0
9.833333333333334
9.666666666666666
9.444444444444445
10.0
9.777777777777779
9.047619047619047
9.121212121212121
9.115942028985508
10.11111111111111
9.24074074074074
9.466666666666667
9.636363636363637
9.814814814814815
9.520833333333334
9.833333333333334
9.545454545454545
10.2
9.493333333333334
9.25
9.333333333333334
9.88888888888889
10.066666666666666
9.0
9.299435028248588
9.833333333333334
9.74074074074074
9.266666666666667
9.62962962962963
8.833333333333334
9.066666666666666
9.23076923076923
9.266666666666667
9.833333333333334
9.583333333333334
9.458333333333334
9.142857142857142
9.22549019607843
9.041666666666666
9.416666666666666
8.833333333333334
9.6
9.444444444444445
9.0
9.487179487179487
8.625
9.533333333333333
9.0
9.602150537634408
9.444444444444445
9.666666666666666
9.666666666666666
9.755555555555556
9.880952380952381
9.547619047619047
9.25
9.333333333333334
9.5
9.541666666666666
9.666666666666666
8.916666666666666
9.8
9.45
8.533333333333333
9.464285714285714
9.916666666666666
8.923076923076923
9.666666666666666
10.5
10.095238095238095
9.083333333333334
8.066666666666666
9.733333333333333
8.5
9.047619047619047
9.193333333333333
9.722222222222221
9.583333333333334
9.466666666666667
9.5578231292517
9.285714285714286
9.235294117647058
9.041666666666666
9.844444444444445
8.549019607843137
9.944444444444445
9.583333333333334
9.777777777777779
9.166666666666666
9.333333333333334
9.4
9.533333333333333
9.0
9.058823529411764
9.619047619047619
9.333333333333334
8.8
9.8
9.380952380952381
9.24561403508772
9.404761904761905
9.4
9.564102564102564
8.066666666666666
8.952380952380953
9.466666666666667
9.466666666666667
9.823529411764707
9.125
8.555555555555555
9.88888888888889
9.633333333333333
9.38888888888889
8.933333333333334
9.833333333333334
9.8
9.4
9.444444444444445
8.166666666666666
10.041666666666666
8.933333333333334
9.933333333333334
9.531531531531531
9.820512820512821
9.285714285714286
8.333333333333334
9.466666666666667
9.733333333333333
8.866666666666667
10.375
9.777777777777779
8.333333333333334
9.6
9.222222222222221
10.0
9.541666666666666
9.416666666666666
9.682170542635658
9.023809523809524
9.454545454545455
9.305555555555555
9.866666666666667
8.9
9.444444444444445
8.61111111111111
8.766666666666667
9.0
9.777777777777779
9.0
9.761904761904763
10.285714285714286
9.238095238095237
9.5
9.88888888888889
9.91304347826087
9.222222222222221
9.833333333333334
8.8
9.25925925925926
8.8
9.866666666666667
9.933333333333334
9.296296296296296
8.777777777777779
9.61111111111111
9.592592592592593
9.11111111111111
9.515151515151516
9.571428571428571
9.5
10.133333333333333
9.866666666666667
9.037037037037036
9.444444444444445
9.333333333333334
9.958333333333334
9.916666666666666
8.666666666666666
9.592592592592593
8.925925925925926
9.933333333333334
9.313725490196079
9.5
9.071428571428571
8.555555555555555
9.774774774774775
9.488888888888889
9.777777777777779
10.238095238095237
9.266666666666667
10.0
10.0
9.19047619047619
10.0
8.75
9.760683760683762
8.88888888888889
9.86111111111111
9.515151515151516
9.717948717948717
9.88888888888889
9.722222222222221
9.0
9.333333333333334
9.133333333333333
9.133333333333333
9.19047619047619
9.666666666666666
8.476190476190476
9.4
9.0
8.958333333333334
9.80952380952381
9.433333333333334
8.25
9.014492753623188
9.833333333333334
9.11111111111111
9.555555555555555
8.75
9.666666666666666
9.296296296296296
9.714285714285714
8.0
9.2
9.523809523809524
9.416666666666666
9.333333333333334
8.925925925925926
8.866666666666667
9.933333333333334
8.791666666666666
9.6
9.266666666666667
10.0
8.833333333333334
9.555555555555555
10.0
9.157894736842104
8.958333333333334
9.083333333333334
10.066666666666666
9.666666666666666
9.5
9.444444444444445
9.761904761904763
9.08695652173913
9.222222222222221
9.666666666666666
9.583333333333334
10.133333333333333
9.25
9.333333333333334
9.047619047619047
9.714285714285714
9.666666666666666
9.5
9.25925925925926
9.666666666666666
9.75
10.041666666666666
9.133333333333333
9.5
9.533333333333333
9.166666666666666
9.625
9.285714285714286
9.592592592592593
9.444444444444445
9.444444444444445
9.481481481481481
9.083333333333334
9.333333333333334
9.166666666666666
9.142857142857142
9.4
10.333333333333334
9.444444444444445
9.27450980392157
9.083333333333334
9.333333333333334
10.0
9.86111111111111
9.333333333333334
9.266666666666667
9.833333333333334
9.88888888888889
9.666666666666666
8.166666666666666
9.333333333333334
9.722222222222221
8.866666666666667
8.88888888888889
10.0
8.333333333333334
9.083333333333334
9.277777777777779
8.866666666666667
9.222222222222221
10.416666666666666
9.833333333333334
8.266666666666667
9.75
9.969696969696969
8.833333333333334
9.533333333333333
9.666666666666666
9.645833333333334
7.933333333333334
7.916666666666667
9.5
9.166666666666666
9.533333333333333
9.11111111111111
9.794871794871796
9.30952380952381
10.166666666666666
8.717948717948717
9.714285714285714
9.722222222222221
9.80952380952381
9.377777777777778
9.833333333333334
9.266666666666667
9.466666666666667
9.866666666666667
9.277777777777779
8.80952380952381
9.555555555555555
10.266666666666667
10.0
9.666666666666666
9.38888888888889
9.333333333333334
9.333333333333334
9.80952380952381
9.714285714285714
8.666666666666666
8.666666666666666
9.666666666666666
7.444444444444445
8.833333333333334
9.0
9.916666666666666
9.4
9.958333333333334
9.0
9.066666666666666
9.12962962962963
9.722222222222221
9.5
9.533333333333333
9.357142857142858
9.185185185185185
9.523809523809524
9.866666666666667
9.80952380952381
9.0
9.555555555555555
9.8
9.333333333333334
9.333333333333334
9.5
9.62962962962963
9.238095238095237
9.866666666666667
9.416666666666666
9.555555555555555
9.777777777777779
9.777777777777779
8.814814814814815
9.666666666666666
8.666666666666666
9.583333333333334
9.555555555555555
8.88888888888889
9.5
9.833333333333334
9.066666666666666
9.666666666666666
8.555555555555555
9.166666666666666
9.5
10.444444444444445
10.25
9.733333333333333
9.904761904761905
9.583333333333334
9.19047619047619
9.0
9.366666666666667
10.222222222222221
