851	0
604	1
290	2
653	0
452	1
101	2
1413	0
806	1
290	2
212	0
303	1
2107	2
1429	0
260	1
228	2
413	0
475	1
2109	2
1445	0
1649	1
149	2
212	0
626	1
428	2
2826	0
626	1
1	2
1374	0
604	1
290	2
368	0
765	1
236	2
403	0
425	1
239	2
929	0
206	1
951	2
763	0
749	1
1097	2
2004	0
604	1
105	2
401	0
165	1
189	2
367	0
799	1
48	2
1445	0
551	1
236	2
524	0
3124	1
290	2
985	0
475	1
23	2
319	0
260	1
1442	2
524	0
675	1
68	2
556	0
116	1
149	2
421	0
116	1
114	2
102	0
1550	1
290	2
279	0
327	1
629	2
142	0
650	1
28	2
444	0
575	1
445	2
524	0
630	1
339	2
413	0
586	1
737	2
102	0
1153	1
1240	2
1445	0
116	1
737	2
713	0
303	1
34	2
485	0
64	1
290	2
1062	0
199	1
228	2
583	0
684	1
297	2
823	0
129	1
23	2
3021	0
165	1
737	2
292	0
1367	1
23	2
736	0
1910	1
951	2
846	0
266	1
1097	2
444	0
505	1
23	2
651	0
327	1
149	2
2120	0
137	1
23	2
1378	0
1610	1
68	2
2053	0
116	1
149	2
2053	0
2578	1
239	2
1160	0
260	1
951	2
1178	0
799	1
1	2
401	0
156	1
194	2
522	0
422	1
600	2
292	0
604	1
236	2
524	0
422	1
493	2
1036	0
3670	1
195	2
1521	0
536	1
297	2
401	0
650	1
884	2
2396	0
452	1
130	2
142	0
207	1
149	2
3324	0
134	1
290	2
69	0
345	1
685	2
1378	0
242	1
477	2
212	0
1525	1
445	2
466	0
1695	1
290	2
169	0
260	1
1174	2
1995	0
260	1
254	2
169	0
684	1
445	2
819	0
604	1
1686	2
142	0
327	1
228	2
485	0
623	1
228	2
1709	0
604	1
297	2
22	0
431	1
59	2
413	0
360	1
2107	2
71	0
749	1
149	2
284	0
746	1
68	2
1235	0
184	1
290	2
713	0
207	1
149	2
279	0
185	1
428	2
22	0
156	1
1	2
403	0
806	1
2585	2
1445	0
281	1
1017	2
279	0
478	1
449	2
401	0
542	1
2107	2
212	0
234	1
68	2
169	0
749	1
1983	2
284	0
386	1
1082	2
1803	0
604	1
1	2
102	0
627	1
445	2
22	0
1103	1
449	2
292	0
627	1
1	2
925	0
1032	1
149	2
1160	0
178	1
290	2
985	0
320	1
236	2
142	0
749	1
883	2
212	0
376	1
68	2
424	0
154	1
290	2
1482	0
505	1
370	2
819	0
24	1
655	2
485	0
315	1
193	2
577	0
327	1
200	2
368	0
912	1
461	2
929	0
156	1
1240	2
887	0
83	1
941	2
279	0
184	1
23	2
169	0
627	1
1	2
651	0
25	1
149	2
1060	0
199	1
290	2
808	0
83	1
501	2
413	0
185	1
68	2
651	0
83	1
290	2
2481	0
327	1
1	2
485	0
1343	1
445	2
102	0
478	1
461	2
522	0
345	1
290	2
2064	0
640	1
685	2
485	0
1525	1
610	2
672	0
26	1
59	2
421	0
604	1
23	2
985	0
769	1
236	2
292	0
604	1
290	2
1364	0
1444	1
23	2
142	0
386	1
997	2
2514	0
928	1
63	2
212	0
113	1
629	2
4305	0
185	1
297	2
403	0
1153	1
951	2
403	0
345	1
1240	2
1190	0
650	1
23	2
2914	0
532	1
1	2
144	0
138	1
4	2
319	0
806	1
236	2
125	0
779	1
1388	2
524	0
1407	1
48	2
71	0
24	1
428	2
1413	0
442	1
28	2
1426	0
1048	1
370	2
125	0
640	1
101	2
672	0
551	1
23	2
212	0
184	1
1637	2
76	0
604	1
1097	2
403	0
442	1
290	2
1445	0
2323	1
1	2
929	0
83	1
1017	2
403	0
604	1
2384	2
403	0
586	1
428	2
528	0
1357	1
68	2
1445	0
604	1
1039	2
292	0
156	1
149	2
1031	0
487	1
254	2
1135	0
660	1
23	2
292	0
137	1
1983	2
403	0
156	1
254	2
292	0
1589	1
445	2
368	0
327	1
785	2
809	0
113	1
629	2
2110	0
45	1
1	2
524	0
626	1
1686	2
401	0
327	1
236	2
1445	0
1696	1
189	2
713	0
478	1
1686	2
4489	0
141	1
1	2
212	0
345	1
492	2
367	0
799	1
816	2
102	0
604	1
103	2
447	0
360	1
1329	2
223	0
1398	1
951	2
367	0
1720	1
2107	2
2807	0
116	1
103	2
1445	0
451	1
730	2
169	0
345	1
951	2
212	0
1555	1
228	2
413	0
901	1
1	2
1160	0
327	1
1524	2
71	0
180	1
23	2
84	0
431	1
23	2
619	0
431	1
239	2
421	0
505	1
297	2
1445	0
348	1
68	2
1248	0
137	1
1408	2
188	0
903	1
1	2
292	0
392	1
416	2
1391	0
604	1
149	2
338	0
650	1
805	2
577	0
185	1
103	2
851	0
422	1
1213	2
1326	0
463	1
59	2
653	0
623	1
1	2
902	0
83	1
1097	2
925	0
644	1
1	2
825	0
24	1
445	2
424	0
171	1
290	2
1709	0
442	1
254	2
321	0
1141	1
297	2
403	0
1104	1
239	2
292	0
604	1
59	2
1190	0
330	1
23	2
925	0
631	1
434	2
1021	0
303	1
4323	2
1248	0
623	1
2109	2
292	0
1696	1
68	2
212	0
1720	1
492	2
807	0
487	1
1409	2
424	0
141	1
1057	2
71	0
242	1
239	2
524	0
1032	1
74	2
279	0
185	1
1174	2
851	0
747	1
1329	2
819	0
422	1
1	2
102	0
345	1
1267	2
279	0
855	1
1	2
539	0
327	1
103	2
1378	0
660	1
189	2
925	0
604	1
1686	2
930	0
1589	1
149	2
763	0
778	1
195	2
379	0
551	1
23	2
1364	0
386	1
68	2
1445	0
386	1
785	2
1445	0
2394	1
629	2
929	0
658	1
236	2
1060	0
303	1
23	2
2053	0
198	1
356	2
1062	0
626	1
254	2
1445	0
116	1
515	2
279	0
630	1
149	2
368	0
640	1
1111	2
279	0
604	1
290	2
653	0
1959	1
634	2
503	0
303	1
1	2
403	0
32	1
48	2
1060	0
345	1
416	2
2990	0
327	1
1	2
823	0
116	1
1267	2
819	0
138	1
290	2
757	0
542	1
145	2
849	0
281	1
730	2
421	0
116	1
1408	2
212	0
627	1
114	2
413	0
345	1
997	2
292	0
134	1
1686	2
279	0
542	1
552	2
169	0
747	1
222	2
1021	0
386	1
416	2
321	0
644	1
461	2
524	0
604	1
737	2
212	0
422	1
434	2
212	0
260	1
16	2
226	0
431	1
114	2
223	0
806	1
1174	2
2050	0
198	1
629	2
1426	0
626	1
515	2
763	0
327	1
257	2
3607	0
604	1
389	2
1235	0
83	1
467	2
1058	0
650	1
1	2
651	0
345	1
103	2
279	0
453	1
297	2
1378	0
1550	1
149	2
169	0
660	1
561	2
292	0
650	1
361	2
1074	0
1716	1
74	2
1028	0
219	1
189	2
212	0
281	1
434	2
368	0
451	1
290	2
979	0
141	1
730	2
2649	0
1112	1
1082	2
292	0
1474	1
23	2
424	0
432	1
1082	2
292	0
1701	1
1	2
188	0
604	1
323	2
421	0
134	1
103	2
413	0
626	1
383	2
846	0
791	1
239	2
524	0
1649	1
1218	2
577	0
626	1
149	2
102	0
83	1
59	2
223	0
3602	1
68	2
522	0
134	1
23	2
125	0
2240	1
290	2
102	0
604	1
88	2
522	0
843	1
1	2
1022	0
660	1
383	2
84	0
626	1
2167	2
1031	0
51	1
1	2
2095	0
134	1
1368	2
223	0
945	1
2272	2
1022	0
327	1
145	2
1022	0
178	1
1213	2
1514	0
156	1
1240	2
1022	0
855	1
1	2
223	0
1779	1
625	2
864	0
25	1
297	2
403	0
207	1
323	2
715	0
1347	1
145	2
1445	0
1784	1
254	2
368	0
2700	1
461	2
989	0
185	1
501	2
404	0
2007	1
461	2
403	0
627	1
297	2
367	0
542	1
149	2
1178	0
1237	1
685	2
819	0
1347	1
383	2
368	0
137	1
68	2
279	0
235	1
1213	2
1364	0
260	1
239	2
188	0
1815	1
290	2
188	0
1407	1
1299	2
142	0
386	1
1	2
1385	0
475	1
389	2
367	0
532	1
685	2
524	0
113	1
1380	2
1885	0
327	1
1	2
524	0
83	1
103	2
2649	0
589	1
1	2
1378	0
1153	1
3608	2
887	0
627	1
785	2
1445	0
156	1
428	2
403	0
207	1
189	2
503	0
129	1
1	2
642	0
462	1
389	2
524	0
412	1
189	2
485	0
806	1
114	2
279	0
315	1
228	2
524	0
462	1
1529	2
1378	0
575	1
290	2
401	0
505	1
428	2
403	0
156	1
103	2
929	0
138	1
390	2
212	0
431	1
271	2
524	0
116	1
1	2
292	0
532	1
254	2
292	0
627	1
816	2
524	0
650	1
290	2
403	0
650	1
469	2
864	0
281	1
103	2
539	0
747	1
103	2
1364	0
660	1
239	2
102	0
116	1
29	2
887	0
660	1
111	2
2036	0
116	1
434	2
1364	0
431	1
1388	2
142	0
1459	1
467	2
292	0
4298	1
290	2
819	0
360	1
52	2
713	0
26	1
1	2
212	0
626	1
467	2
871	0
463	1
323	2
447	0
627	1
552	2
522	0
604	1
370	2
102	0
586	1
2107	2
188	0
650	1
1686	2
819	0
95	1
445	2
1822	0
627	1
239	2
1378	0
26	1
449	2
292	0
660	1
1111	2
212	0
475	1
785	2
279	0
589	1
445	2
368	0
631	1
1097	2
1205	0
746	1
104	2
1326	0
83	1
1097	2
974	0
116	1
52	2
2544	0
1237	1
370	2
2990	0
586	1
228	2
1521	0
116	1
1097	2
169	0
113	1
68	2
846	0
644	1
1329	2
1378	0
545	1
1	2
2867	0
542	1
842	2
403	0
260	1
737	2
142	0
116	1
149	2
713	0
24	1
515	2
846	0
1784	1
114	2
962	0
178	1
68	2
849	0
431	1
785	2
292	0
198	1
1	2
871	0
24	1
290	2
653	0
243	1
1	2
851	0
776	1
195	2
403	0
165	1
103	2
1028	0
21	1
2172	2
819	0
512	1
501	2
485	0
724	1
1	2
763	0
1198	1
149	2
403	0
422	1
416	2
864	0
1357	1
103	2
424	0
442	1
103	2
1031	0
912	1
236	2
653	0
1649	1
428	2
188	0
505	1
2073	2
447	0
604	1
114	2
1095	0
386	1
1	2
421	0
1438	1
194	2
292	0
650	1
103	2
651	0
690	1
92	2
292	0
425	1
290	2
342	0
242	1
1240	2
421	0
116	1
103	2
1445	0
627	1
239	2
177	0
178	1
150	2
1326	0
1269	1
68	2
403	0
627	1
68	2
577	0
542	1
149	2
1138	0
660	1
96	2
715	0
512	1
23	2
3571	0
806	1
1267	2
524	0
180	1
566	2
925	0
631	1
785	2
1021	0
25	1
1240	2
524	0
24	1
1200	2
142	0
137	1
228	2
1138	0
684	1
236	2
447	0
129	1
290	2
421	0
158	1
389	2
1021	0
626	1
1	2
421	0
26	1
194	2
1364	0
260	1
236	2
1482	0
640	1
290	2
102	0
486	1
297	2
368	0
1468	1
1	2
825	0
26	1
194	2
887	0
650	1
490	2
142	0
129	1
951	2
1445	0
242	1
114	2
1378	0
1101	1
951	2
188	0
1175	1
290	2
479	0
242	1
103	2
75	0
141	1
1174	2
466	0
137	1
74	2
524	0
327	1
256	2
292	0
198	1
951	2
279	0
45	1
1	2
403	0
185	1
68	2
424	0
660	1
59	2
212	0
156	1
297	2
2386	0
604	1
737	2
279	0
178	1
2222	2
1205	0
83	1
1331	2
577	0
1620	1
239	2
3021	0
1033	1
23	2
524	0
2610	1
1	2
653	0
116	1
236	2
2624	0
178	1
236	2
319	0
644	1
1213	2
379	0
452	1
236	2
125	0
521	1
389	2
368	0
1141	1
68	2
524	0
660	1
1097	2
403	0
3464	1
189	2
1445	0
586	1
356	2
1378	0
782	1
222	2
524	0
627	1
325	2
279	0
422	1
1331	2
421	0
709	1
103	2
379	0
137	1
1240	2
368	0
116	1
428	2
871	0
1550	1
634	2
672	0
627	1
290	2
1709	0
1720	1
23	2
319	0
360	1
1	2
1475	0
158	1
685	2
102	0
315	1
195	2
871	0
185	1
149	2
929	0
931	1
290	2
401	0
779	1
149	2
368	0
604	1
347	2
142	0
684	1
229	2
3053	0
660	1
290	2
1021	0
315	1
195	2
331	0
185	1
149	2
2761	0
156	1
149	2
1031	0
650	1
149	2
2053	0
914	1
236	2
823	0
2394	1
149	2
379	0
779	1
629	2
1391	0
303	1
561	2
930	0
573	1
114	2
819	0
303	1
561	2
169	0
1141	1
785	2
212	0
178	1
685	2
871	0
542	1
254	2
367	0
137	1
23	2
925	0
630	1
23	2
851	0
650	1
239	2
319	0
586	1
149	2
1378	0
260	1
145	2
403	0
171	1
228	2
403	0
640	1
23	2
479	0
512	1
189	2
1021	0
260	1
389	2
212	0
199	1
254	2
212	0
281	1
383	2
864	0
156	1
1686	2
1445	0
1347	1
1465	2
212	0
243	1
383	2
379	0
26	1
77	2
1022	0
116	1
149	2
524	0
360	1
730	2
1031	0
26	1
41	2
485	0
345	1
1896	2
212	0
627	1
629	2
1391	0
83	1
445	2
1095	0
452	1
254	2
3092	0
345	1
1254	2
539	0
156	1
149	2
142	0
586	1
445	2
1031	0
178	1
1983	2
672	0
553	1
68	2
142	0
462	1
60	2
1022	0
156	1
290	2
292	0
762	1
290	2
1138	0
137	1
1360	2
444	0
1237	1
194	2
1027	0
116	1
737	2
688	0
345	1
114	2
338	0
129	1
1240	2
871	0
242	1
1511	2
212	0
156	1
2073	2
447	0
345	1
1	2
1521	0
604	1
737	2
925	0
178	1
290	2
1445	0
360	1
997	2
22	0
116	1
610	2
929	0
422	1
477	2
403	0
303	1
52	2
1674	0
928	1
1638	2
1772	0
441	1
290	2
212	0
604	1
23	2
84	0
1112	1
389	2
1364	0
234	1
687	2
1235	0
626	1
1675	2
887	0
240	1
634	2
864	0
1198	1
951	2
1378	0
376	1
383	2
424	0
598	1
1	2
1364	0
1069	1
149	2
1178	0
1352	1
239	2
188	0
627	1
1616	2
379	0
141	1
23	2
1694	0
627	1
737	2
1364	0
1141	1
383	2
447	0
792	1
461	2
142	0
1141	1
149	2
447	0
532	1
339	2
1482	0
178	1
947	2
125	0
260	1
816	2
1378	0
2007	1
370	2
1031	0
260	1
552	2
651	0
327	1
2069	2
1235	0
452	1
816	2
447	0
1956	1
236	2
1426	0
626	1
103	2
424	0
1141	1
1	2
226	0
384	1
1529	2
524	0
969	1
149	2
22	0
258	1
629	2
524	0
432	1
1388	2
2411	0
2007	1
4	2
321	0
56	1
114	2
528	0
462	1
114	2
142	0
386	1
629	2
864	0
330	1
264	2
401	0
690	1
370	2
424	0
156	1
737	2
1235	0
1033	1
29	2
3555	0
1696	1
228	2
403	0
463	1
254	2
403	0
8	1
467	2
142	0
198	1
1161	2
108	0
626	1
467	2
75	0
542	1
883	2
125	0
296	1
114	2
1378	0
45	1
1	2
1326	0
843	1
103	2
524	0
650	1
236	2
413	0
586	1
289	2
212	0
650	1
290	2
142	0
630	1
947	2
1445	0
360	1
1097	2
367	0
234	1
1408	2
1127	0
360	1
634	2
819	0
2882	1
1	2
223	0
113	1
1	2
1031	0
95	1
290	2
524	0
1141	1
114	2
1031	0
158	1
236	2
142	0
928	1
149	2
2411	0
928	1
114	2
2475	0
586	1
290	2
819	0
422	1
149	2
819	0
1153	1
149	2
1390	0
650	1
290	2
1062	0
429	1
68	2
403	0
806	1
561	2
713	0
156	1
2107	2
403	0
260	1
493	2
142	0
451	1
289	2
212	0
288	1
1	2
1378	0
472	1
290	2
1028	0
644	1
297	2
470	0
156	1
1030	2
125	0
26	1
389	2
528	0
1649	1
290	2
212	0
258	1
290	2
1364	0
604	1
490	2
1772	0
107	1
1465	2
292	0
158	1
428	2
524	0
345	1
290	2
1374	0
422	1
297	2
522	0
422	1
461	2
651	0
650	1
114	2
444	0
199	1
239	2
125	0
345	1
149	2
279	0
969	1
114	2
1138	0
806	1
1677	2
124	0
627	1
23	2
1521	0
196	1
816	2
2411	0
650	1
634	2
279	0
260	1
114	2
321	0
1085	1
59	2
212	0
207	1
61	2
379	0
122	1
23	2
292	0
1629	1
290	2
413	0
327	1
1380	2
447	0
141	1
271	2
1445	0
453	1
297	2
1364	0
275	1
23	2
1031	0
797	1
236	2
2053	0
604	1
1823	2
292	0
746	1
467	2
292	0
360	1
1408	2
212	0
360	1
461	2
2914	0
1336	1
151	2
1378	0
521	1
149	2
403	0
178	1
2037	2
908	0
26	1
290	2
524	0
178	1
290	2
846	0
296	1
297	2
1060	0
137	1
290	2
651	0
1336	1
1	2
772	0
327	1
23	2
444	0
658	1
634	2
871	0
644	1
114	2
524	0
1773	1
222	2
929	0
627	1
1	2
169	0
806	1
228	2
887	0
327	1
1200	2
279	0
604	1
1174	2
421	0
178	1
737	2
528	0
586	1
816	2
524	0
431	1
236	2
379	0
627	1
23	2
524	0
360	1
1502	2
823	0
660	1
434	2
292	0
1141	1
290	2
929	0
1679	1
150	2
69	0
532	1
290	2
1429	0
1407	1
629	2
1160	0
912	1
737	2
401	0
1141	1
290	2
2064	0
912	1
1240	2
102	0
116	1
254	2
1985	0
660	1
236	2
306	0
905	1
737	2
651	0
327	1
323	2
444	0
626	1
4	2
367	0
345	1
356	2
279	0
631	1
383	2
3555	0
83	1
290	2
524	0
158	1
685	2
169	0
626	1
785	2
212	0
1737	1
239	2
1445	0
171	1
323	2
1364	0
327	1
1	2
144	0
51	1
114	2
1709	0
158	1
189	2
887	0
360	1
1717	2
871	0
270	1
492	2
1374	0
327	1
390	2
1445	0
242	1
52	2
1475	0
116	1
103	2
524	0
4555	1
239	2
713	0
452	1
390	2
1694	0
650	1
114	2
485	0
1649	1
114	2
524	0
451	1
239	2
466	0
178	1
149	2
2065	0
281	1
23	2
1178	0
928	1
149	2
1235	0
542	1
231	2
653	0
288	1
228	2
191	0
747	1
74	2
846	0
660	1
114	2
292	0
199	1
1729	2
444	0
360	1
941	2
528	0
463	1
103	2
1445	0
928	1
445	2
846	0
384	1
239	2
142	0
2026	1
737	2
338	0
24	1
38	2
102	0
442	1
816	2
292	0
1239	1
149	2
548	0
650	1
247	2
292	0
640	1
461	2
1095	0
626	1
389	2
1378	0
1679	1
2212	2
2190	0
178	1
951	2
713	0
604	1
951	2
851	0
852	1
104	2
1115	0
288	1
195	2
1190	0
207	1
239	2
421	0
650	1
959	2
1364	0
178	1
151	2
819	0
2581	1
195	2
1413	0
627	1
149	2
102	0
1550	1
114	2
524	0
156	1
1152	2
401	0
1048	1
1254	2
279	0
627	1
236	2
871	0
684	1
1983	2
524	0
199	1
353	2
548	0
709	1
461	2
846	0
185	1
297	2
125	0
262	1
411	2
403	0
746	1
2269	2
319	0
604	1
254	2
84	0
630	1
297	2
169	0
912	1
254	2
292	0
442	1
290	2
279	0
182	1
389	2
125	0
1085	1
370	2
379	0
25	1
685	2
142	0
178	1
222	2
142	0
1141	1
68	2
212	0
542	1
222	2
2807	0
129	1
68	2
279	0
386	1
461	2
421	0
24	1
634	2
403	0
640	1
1489	2
84	0
1245	1
149	2
851	0
1361	1
1677	2
447	0
26	1
1675	2
212	0
650	1
105	2
980	0
1237	1
189	2
524	0
722	1
239	2
1259	0
116	1
785	2
851	0
573	1
685	2
2807	0
178	1
239	2
444	0
627	1
445	2
1326	0
360	1
737	2
864	0
178	1
52	2
155	0
129	1
149	2
223	0
122	1
228	2
2411	0
178	1
1174	2
642	0
116	1
461	2
1521	0
26	1
2109	2
1378	0
1232	1
239	2
1822	0
360	1
2109	2
188	0
260	1
149	2
929	0
452	1
189	2
2535	0
512	1
74	2
292	0
360	1
96	2
825	0
650	1
428	2
279	0
914	1
297	2
485	0
386	1
991	2
321	0
575	1
959	2
887	0
1222	1
114	2
169	0
863	1
149	2
633	0
260	1
114	2
524	0
1797	1
1	2
851	0
2578	1
236	2
851	0
171	1
236	2
899	0
431	1
103	2
424	0
650	1
23	2
212	0
626	1
552	2
424	0
604	1
560	2
1822	0
660	1
297	2
1445	0
360	1
48	2
447	0
658	1
290	2
807	0
281	1
323	2
368	0
650	1
428	2
715	0
521	1
222	2
367	0
806	1
1655	2
1644	0
83	1
737	2
908	0
626	1
228	2
528	0
604	1
239	2
403	0
141	1
290	2
368	0
1103	1
1097	2
421	0
928	1
1	2
447	0
478	1
1174	2
169	0
1343	1
228	2
1028	0
660	1
4	2
1031	0
627	1
239	2
379	0
650	1
785	2
503	0
83	1
2107	2
169	0
354	1
1254	2
321	0
116	1
189	2
577	0
660	1
23	2
338	0
644	1
38	2
887	0
1101	1
290	2
379	0
234	1
720	2
1364	0
626	1
1524	2
403	0
452	1
236	2
75	0
371	1
60	2
292	0
80	1
737	2
2783	0
156	1
737	2
403	0
626	1
114	2
403	0
442	1
1291	2
22	0
451	1
114	2
212	0
20	1
23	2
292	0
345	1
229	2
306	0
2007	1
290	2
444	0
178	1
290	2
1445	0
392	1
629	2
887	0
158	1
149	2
403	0
626	1
3128	2
2095	0
2882	1
239	2
292	0
512	1
103	2
2110	0
26	1
1823	2
524	0
2581	1
114	2
421	0
95	1
297	2
102	0
650	1
59	2
1378	0
158	1
461	2
403	0
116	1
257	2
292	0
171	1
2247	2
159	0
360	1
531	2
292	0
586	1
289	2
142	0
451	1
1	2
142	0
627	1
68	2
349	0
116	1
477	2
887	0
281	1
566	2
864	0
684	1
434	2
524	0
512	1
445	2
1031	0
207	1
883	2
524	0
116	1
991	2
279	0
626	1
239	2
524	0
262	1
103	2
851	0
1173	1
290	2
763	0
156	1
1218	2
447	0
1141	1
629	2
84	0
615	1
101	2
142	0
134	1
561	2
2958	0
70	1
74	2
846	0
650	1
104	2
524	0
158	1
389	2
1028	0
650	1
222	2
403	0
924	1
228	2
524	0
185	1
1	2
524	0
650	1
151	2
929	0
627	1
1240	2
292	0
116	1
1489	2
539	0
156	1
23	2
1178	0
277	1
1	2
479	0
360	1
4	2
1445	0
650	1
290	2
930	0
462	1
2107	2
524	0
345	1
189	2
1178	0
1239	1
103	2
403	0
644	1
189	2
279	0
650	1
461	2
1364	0
113	1
2109	2
846	0
431	1
1097	2
447	0
1696	1
297	2
444	0
637	1
236	2
2815	0
180	1
149	2
444	0
275	1
445	2
4682	0
184	1
1213	2
688	0
315	1
501	2
142	0
360	1
1615	2
447	0
573	1
68	2
2120	0
650	1
23	2
188	0
586	1
941	2
424	0
51	1
290	2
1364	0
129	1
297	2
279	0
178	1
561	2
524	0
931	1
1240	2
851	0
1232	1
239	2
929	0
1141	1
533	2
479	0
360	1
23	2
292	0
1231	1
290	2
2815	0
660	1
59	2
102	0
207	1
23	2
2926	0
294	1
290	2
306	0
207	1
445	2
539	0
360	1
634	2
479	0
945	1
23	2
851	0
171	1
552	2
1378	0
2328	1
290	2
985	0
1258	1
785	2
864	0
26	1
271	2
485	0
262	1
610	2
108	0
158	1
1	2
2095	0
627	1
103	2
368	0
589	1
655	2
321	0
386	1
730	2
524	0
1503	1
1	2
368	0
2007	1
23	2
292	0
604	1
23	2
1326	0
296	1
1408	2
1160	0
26	1
59	2
846	0
51	1
445	2
524	0
696	1
4	2
1475	0
945	1
189	2
1410	0
134	1
634	2
929	0
24	1
290	2
524	0
116	1
1881	2
4424	0
199	1
23	2
421	0
463	1
189	2
1178	0
327	1
236	2
1178	0
912	1
1	2
279	0
24	1
271	2
980	0
153	1
1054	2
985	0
83	1
92	2
292	0
637	1
23	2
212	0
21	1
229	2
524	0
178	1
461	2
1445	0
83	1
16	2
292	0
345	1
913	2
421	0
640	1
271	2
421	0
650	1
1054	2
1378	0
684	1
149	2
292	0
912	1
1299	2
1445	0
1141	1
566	2
479	0
158	1
2900	2
430	0
575	1
492	2
212	0
640	1
634	2
1031	0
604	1
239	2
1378	0
178	1
150	2
864	0
234	1
1893	2
424	0
308	1
59	2
846	0
242	1
1082	2
292	0
246	1
629	2
125	0
1101	1
297	2
871	0
242	1
4	2
819	0
604	1
200	2
577	0
1245	1
290	2
142	0
644	1
1054	2
539	0
747	1
1030	2
524	0
156	1
997	2
528	0
650	1
168	2
421	0
650	1
1655	2
522	0
156	1
103	2
715	0
650	1
461	2
212	0
2581	1
290	2
321	0
650	1
428	2
125	0
1649	1
2900	2
444	0
660	1
552	2
447	0
1696	1
339	2
528	0
777	1
290	2
444	0
260	1
189	2
713	0
1269	1
1	2
819	0
627	1
228	2
1088	0
303	1
228	2
191	0
1112	1
1097	2
226	0
650	1
428	2
713	0
1269	1
428	2
444	0
1913	1
23	2
447	0
779	1
552	2
301	0
1033	1
1677	2
1413	0
386	1
254	2
1426	0
141	1
48	2
447	0
690	1
114	2
1521	0
806	1
290	2
651	0
412	1
428	2
1028	0
141	1
629	2
338	0
2323	1
1049	2
524	0
431	1
297	2
212	0
431	1
239	2
424	0
20	1
785	2
421	0
1101	1
4	2
466	0
129	1
114	2
279	0
132	1
1097	2
1028	0
586	1
290	2
528	0
360	1
477	2
84	0
487	1
737	2
403	0
137	1
389	2
479	0
20	1
297	2
479	0
20	1
4	2
223	0
589	1
951	2
447	0
281	1
947	2
1521	0
345	1
629	2
524	0
2941	1
23	2
401	0
141	1
297	2
925	0
431	1
101	2
672	0
275	1
566	2
2544	0
626	1
913	2
524	0
650	1
228	2
403	0
1141	1
941	2
819	0
604	1
434	2
817	0
627	1
290	2
1062	0
422	1
151	2
379	0
198	1
477	2
479	0
945	1
497	2
444	0
380	1
1380	2
447	0
626	1
4	2
524	0
1043	1
228	2
1410	0
1112	1
1213	2
851	0
660	1
428	2
524	0
2009	1
239	2
1378	0
359	1
1	2
807	0
431	1
634	2
142	0
183	1
383	2
809	0
242	1
23	2
102	0
1033	1
290	2
763	0
327	1
428	2
379	0
912	1
477	2
864	0
589	1
149	2
191	0
2581	1
1790	2
539	0
1679	1
254	2
1445	0
660	1
951	2
524	0
234	1
149	2
413	0
138	1
461	2
338	0
17	1
1671	2
479	0
1699	1
239	2
319	0
242	1
59	2
479	0
627	1
629	2
485	0
178	1
434	2
338	0
626	1
356	2
2231	0
644	1
477	2
479	0
106	1
151	2
485	0
386	1
297	2
338	0
162	1
4	2
1378	0
1542	1
68	2
1429	0
486	1
222	2
925	0
928	1
393	2
1378	0
137	1
2272	2
212	0
627	1
883	2
403	0
650	1
561	2
142	0
1786	1
290	2
985	0
478	1
96	2
3321	0
431	1
222	2
191	0
315	1
239	2
1445	0
1048	1
290	2
1326	0
113	1
290	2
22	0
262	1
290	2
1364	0
586	1
103	2
223	0
2882	1
228	2
284	0
129	1
1	2
1022	0
945	1
1	2
447	0
2714	1
222	2
223	0
206	1
1	2
651	0
275	1
1409	2
1985	0
134	1
428	2
142	0
1350	1
737	2
1031	0
386	1
4	2
485	0
710	1
685	2
421	0
2882	1
1	2
292	0
627	1
194	2
212	0
912	1
149	2
144	0
604	1
189	2
292	0
116	1
759	2
479	0
106	1
195	2
403	0
386	1
189	2
1627	0
626	1
254	2
212	0
234	1
461	2
1385	0
242	1
629	2
2926	0
303	1
290	2
444	0
861	1
1	2
703	0
532	1
1	2
1445	0
650	1
428	2
2091	0
116	1
445	2
1028	0
505	1
23	2
212	0
660	1
149	2
4274	0
242	1
1408	2
524	0
586	1
290	2
319	0
1258	1
785	2
279	0
137	1
115	2
807	0
582	1
2107	2
401	0
726	1
23	2
401	0
207	1
947	2
421	0
134	1
149	2
188	0
260	1
490	2
846	0
650	1
150	2
401	0
376	1
194	2
444	0
586	1
150	2
985	0
521	1
23	2
524	0
589	1
461	2
444	0
359	1
254	2
292	0
156	1
290	2
1364	0
178	1
1331	2
1364	0
542	1
1054	2
292	0
296	1
2107	2
125	0
660	1
720	2
447	0
242	1
290	2
479	0
162	1
104	2
548	0
156	1
1054	2
672	0
650	1
59	2
1429	0
487	1
629	2
444	0
644	1
477	2
989	0
260	1
383	2
447	0
1316	1
685	2
321	0
431	1
1529	2
169	0
327	1
222	2
1627	0
327	1
290	2
368	0
178	1
4	2
1378	0
604	1
1409	2
642	0
512	1
1	2
444	0
327	1
23	2
319	0
626	1
150	2
292	0
627	1
467	2
651	0
17	1
290	2
401	0
650	1
753	2
524	0
158	1
941	2
188	0
431	1
3305	2
292	0
156	1
1722	2
1378	0
156	1
1213	2
1694	0
156	1
552	2
929	0
242	1
477	2
403	0
1792	1
2167	2
2508	0
327	1
68	2
1378	0
462	1
290	2
367	0
463	1
356	2
1326	0
806	1
1409	2
1378	0
1141	1
370	2
444	0
141	1
737	2
292	0
782	1
189	2
1190	0
626	1
428	2
524	0
627	1
1174	2
1088	0
242	1
461	2
169	0
604	1
720	2
306	0
658	1
1	2
642	0
650	1
103	2
1445	0
242	1
297	2
524	0
281	1
1949	2
424	0
3227	1
720	2
1028	0
17	1
297	2
522	0
185	1
68	2
485	0
386	1
1039	2
1429	0
419	1
229	2
292	0
776	1
1380	2
1062	0
2882	1
236	2
1390	0
83	1
74	2
524	0
1525	1
356	2
1579	0
660	1
149	2
732	0
113	1
189	2
279	0
726	1
428	2
522	0
328	1
1408	2
485	0
626	1
149	2
980	0
843	1
816	2
403	0
806	1
103	2
410	0
156	1
189	2
1378	0
116	1
1896	2
479	0
141	1
941	2
651	0
281	1
236	2
1031	0
184	1
290	2
2815	0
650	1
913	2
479	0
660	1
23	2
864	0
419	1
239	2
1364	0
1085	1
297	2
401	0
156	1
720	2
1514	0
137	1
114	2
1121	0
178	1
1097	2
292	0
116	1
1	2
1348	0
327	1
629	2
1694	0
156	1
114	2
524	0
178	1
4	2
292	0
24	1
566	2
292	0
806	1
1380	2
524	0
113	1
2359	2
102	0
24	1
1008	2
713	0
627	1
323	2
692	0
327	1
103	2
142	0
386	1
228	2
292	0
422	1
4	2
846	0
156	1
1213	2
1475	0
327	1
1174	2
169	0
658	1
951	2
1521	0
650	1
428	2
1445	0
242	1
3707	2
849	0
650	1
428	2
1031	0
83	1
104	2
379	0
116	1
59	2
1021	0
630	1
434	2
1088	0
1085	1
103	2
479	0
120	1
737	2
524	0
422	1
23	2
1445	0
512	1
1240	2
1429	0
113	1
1174	2
1060	0
1141	1
68	2
479	0
327	1
1408	2
985	0
242	1
785	2
1031	0
532	1
913	2
1138	0
360	1
290	2
1694	0
360	1
991	2
831	0
178	1
1221	2
447	0
277	1
737	2
430	0
242	1
194	2
763	0
626	1
997	2
846	0
178	1
884	2
292	0
924	1
254	2
524	0
640	1
477	2
292	0
242	1
23	2
403	0
3447	1
74	2
871	0
626	1
428	2
169	0
627	1
16	2
447	0
644	1
461	2
212	0
24	1
290	2
479	0
1237	1
1	2
851	0
2390	1
434	2
403	0
116	1
68	2
142	0
650	1
222	2
367	0
330	1
96	2
424	0
626	1
114	2
142	0
242	1
686	2
292	0
1792	1
103	2
1190	0
422	1
254	2
996	0
107	1
629	2
1326	0
563	1
629	2
191	0
120	1
941	2
364	0
1910	1
59	2
292	0
806	1
1655	2
1169	0
604	1
151	2
1364	0
478	1
323	2
319	0
644	1
189	2
479	0
20	1
913	2
651	0
137	1
297	2
692	0
156	1
428	2
212	0
1660	1
228	2
929	0
242	1
239	2
851	0
1784	1
1030	2
1378	0
178	1
1717	2
413	0
650	1
114	2
1475	0
462	1
114	2
864	0
141	1
1	2
292	0
521	1
461	2
403	0
2100	1
149	2
292	0
604	1
1150	2
929	0
386	1
370	2
2411	0
463	1
59	2
479	0
1355	1
737	2
985	0
156	1
149	2
703	0
158	1
149	2
479	0
650	1
290	2
400	0
327	1
290	2
524	0
986	1
290	2
3219	0
113	1
222	2
1178	0
303	1
23	2
421	0
626	1
2212	2
430	0
463	1
59	2
812	0
637	1
383	2
84	0
1875	1
634	2
524	0
369	1
370	2
1998	0
650	1
149	2
479	0
660	1
236	2
1426	0
51	1
23	2
413	0
542	1
2886	2
188	0
327	1
103	2
226	0
660	1
951	2
1190	0
429	1
290	2
864	0
431	1
323	2
84	0
1112	1
290	2
985	0
650	1
566	2
142	0
198	1
1240	2
485	0
432	1
189	2
524	0
360	1
2269	2
125	0
626	1
634	2
424	0
627	1
236	2
292	0
765	1
737	2
528	0
158	1
290	2
864	0
171	1
389	2
169	0
1141	1
1030	2
528	0
327	1
1304	2
84	0
422	1
685	2
279	0
422	1
297	2
2168	0
113	1
383	2
1259	0
260	1
290	2
1600	0
134	1
149	2
851	0
178	1
561	2
577	0
134	1
816	2
1028	0
327	1
254	2
284	0
116	1
41	2
934	0
626	1
389	2
447	0
171	1
552	2
763	0
650	1
16	2
379	0
275	1
1299	2
188	0
1048	1
189	2
807	0
627	1
40	2
430	0
914	1
531	2
524	0
640	1
390	2
444	0
384	1
114	2
864	0
452	1
461	2
1378	0
162	1
150	2
1445	0
242	1
96	2
142	0
1877	1
228	2
125	0
392	1
236	2
763	0
419	1
23	2
142	0
1141	1
634	2
444	0
904	1
290	2
713	0
178	1
785	2
1326	0
158	1
552	2
223	0
586	1
1	2
524	0
1204	1
228	2
279	0
1452	1
195	2
524	0
406	1
149	2
985	0
242	1
150	2
292	0
162	1
737	2
1127	0
242	1
68	2
321	0
514	1
428	2
485	0
1605	1
189	2
142	0
116	1
567	2
142	0
478	1
149	2
142	0
589	1
533	2
479	0
199	1
68	2
292	0
242	1
816	2
1445	0
242	1
189	2
1445	0
242	1
239	2
632	0
327	1
2109	2
444	0
623	1
104	2
887	0
51	1
131	2
226	0
726	1
228	2
1062	0
1141	1
290	2
851	0
615	1
290	2
2589	0
1398	1
290	2
424	0
806	1
254	2
424	0
156	1
655	2
524	0
626	1
1814	2
524	0
419	1
1	2
985	0
24	1
23	2
84	0
1126	1
1	2
1600	0
296	1
1	2
401	0
137	1
2107	2
985	0
141	1
1	2
3980	0
650	1
114	2
524	0
779	1
370	2
292	0
779	1
103	2
851	0
309	1
149	2
524	0
1069	1
289	2
1378	0
392	1
2107	2
846	0
486	1
629	2
2053	0
116	1
1	2
413	0
234	1
23	2
142	0
2323	1
68	2
142	0
726	1
68	2
524	0
25	1
323	2
2826	0
185	1
515	2
279	0
797	1
254	2
925	0
422	1
236	2
819	0
478	1
297	2
524	0
113	1
104	2
1445	0
260	1
103	2
846	0
431	1
629	2
851	0
431	1
531	2
292	0
660	1
150	2
367	0
650	1
290	2
279	0
778	1
1163	2
577	0
308	1
290	2
447	0
45	1
257	2
421	0
26	1
428	2
1364	0
24	1
816	2
444	0
178	1
222	2
169	0
431	1
1151	2
279	0
1087	1
1213	2
479	0
162	1
150	2
319	0
171	1
74	2
703	0
296	1
189	2
1178	0
156	1
290	2
503	0
487	1
951	2
1445	0
242	1
190	2
403	0
755	1
59	2
403	0
793	1
131	2
279	0
514	1
913	2
1521	0
1112	1
4	2
279	0
863	1
4	2
279	0
863	1
11	2
142	0
429	1
1	2
444	0
791	1
150	2
401	0
178	1
1717	2
191	0
453	1
114	2
925	0
986	1
23	2
1445	0
132	1
236	2
757	0
171	1
490	2
846	0
83	1
2193	2
479	0
262	1
101	2
292	0
113	1
59	2
421	0
162	1
111	2
292	0
660	1
290	2
223	0
303	1
130	2
421	0
650	1
189	2
1138	0
288	1
883	2
466	0
116	1
325	2
846	0
1232	1
195	2
524	0
422	1
816	2
403	0
1542	1
290	2
524	0
1620	1
1097	2
539	0
83	1
228	2
1160	0
327	1
1409	2
864	0
1269	1
1097	2
713	0
178	1
1	2
524	0
162	1
104	2
1822	0
912	1
239	2
447	0
432	1
290	2
846	0
799	1
383	2
279	0
627	1
289	2
403	0
327	1
686	2
421	0
532	1
445	2
1138	0
165	1
23	2
657	0
1048	1
1408	2
692	0
327	1
236	2
887	0
431	1
735	2
479	0
242	1
411	2
403	0
905	1
737	2
851	0
199	1
239	2
1378	0
178	1
4	2
1178	0
431	1
103	2
212	0
419	1
104	2
524	0
778	1
634	2
871	0
586	1
1442	2
524	0
24	1
290	2
524	0
20	1
239	2
444	0
912	1
23	2
1378	0
626	1
1	2
444	0
640	1
1408	2
1021	0
137	1
68	2
447	0
806	1
446	2
155	0
806	1
552	2
1364	0
360	1
1881	2
144	0
512	1
297	2
577	0
1525	1
1	2
1364	0
542	1
1702	2
401	0
1605	1
239	2
2544	0
83	1
228	2
155	0
129	1
222	2
212	0
1048	1
189	2
367	0
660	1
356	2
292	0
650	1
737	2
169	0
658	1
189	2
321	0
24	1
428	2
1429	0
1452	1
68	2
1260	0
360	1
189	2
524	0
234	1
111	2
424	0
2236	1
114	2
1178	0
329	1
23	2
524	0
360	1
23	2
1745	0
178	1
370	2
846	0
277	1
4	2
142	0
1264	1
1	2
522	0
1048	1
4	2
338	0
627	1
104	2
539	0
270	1
1	2
401	0
586	1
1174	2
1235	0
912	1
951	2
292	0
463	1
222	2
212	0
1910	1
1	2
871	0
158	1
23	2
284	0
684	1
1	2
447	0
650	1
7	2
447	0
20	1
297	2
284	0
986	1
428	2
485	0
627	1
1240	2
985	0
207	1
23	2
292	0
156	1
34	2
102	0
107	1
434	2
1022	0
422	1
290	2
851	0
178	1
2081	2
851	0
463	1
428	2
524	0
650	1
297	2
2004	0
129	1
1	2
1021	0
542	1
356	2
279	0
429	1
228	2
155	0
797	1
23	2
1326	0
442	1
239	2
212	0
51	1
114	2
849	0
90	1
114	2
319	0
185	1
1388	2
421	0
51	1
28	2
524	0
521	1
239	2
306	0
660	1
239	2
403	0
156	1
297	2
75	0
113	1
997	2
825	0
141	1
290	2
985	0
17	1
1	2
1326	0
376	1
383	2
403	0
1759	1
428	2
1062	0
178	1
23	2
524	0
452	1
290	2
887	0
419	1
290	2
864	0
1085	1
149	2
985	0
129	1
290	2
279	0
542	1
785	2
1364	0
626	1
1276	2
212	0
303	1
492	2
651	0
432	1
23	2
887	0
178	1
290	2
403	0
1875	1
151	2
929	0
422	1
149	2
524	0
627	1
1409	2
524	0
296	1
114	2
142	0
542	1
28	2
364	0
1032	1
629	2
1888	0
116	1
239	2
212	0
1318	1
239	2
188	0
277	1
737	2
424	0
797	1
383	2
1060	0
51	1
1388	2
379	0
360	1
228	2
887	0
156	1
1	2
368	0
327	1
951	2
3969	0
113	1
290	2
548	0
320	1
145	2
292	0
521	1
1893	2
1390	0
586	1
290	2
319	0
178	1
103	2
763	0
327	1
236	2
4804	0
650	1
290	2
306	0
345	1
189	2
577	0
626	1
189	2
2682	0
644	1
290	2
1031	0
141	1
228	2
166	0
542	1
361	2
191	0
1716	1
68	2
479	0
178	1
290	2
306	0
660	1
785	2
871	0
178	1
785	2
1028	0
747	1
1213	2
1378	0
260	1
1801	2
403	0
196	1
104	2
226	0
327	1
23	2
524	0
158	1
23	2
692	0
178	1
149	2
524	0
2633	1
236	2
1235	0
129	1
951	2
319	0
2230	1
149	2
368	0
2912	1
490	2
279	0
185	1
114	2
1326	0
650	1
816	2
1378	0
532	1
104	2
1445	0
392	1
16	2
22	0
360	1
634	2
212	0
2503	1
1	2
142	0
1651	1
149	2
447	0
1367	1
290	2
524	0
26	1
149	2
279	0
184	1
356	2
403	0
478	1
149	2
430	0
604	1
1409	2
1995	0
184	1
883	2
125	0
843	1
189	2
421	0
107	1
189	2
812	0
327	1
1	2
1445	0
384	1
913	2
524	0
779	1
1	2
102	0
650	1
2193	2
1326	0
2677	1
23	2
379	0
129	1
1409	2
1326	0
1692	1
228	2
1248	0
626	1
1	2
169	0
1792	1
816	2
421	0
724	1
1240	2
421	0
650	1
2081	2
368	0
540	1
610	2
864	0
260	1
297	2
479	0
843	1
103	2
1494	0
1237	1
290	2
1088	0
660	1
490	2
2867	0
626	1
254	2
169	0
755	1
1240	2
528	0
178	1
477	2
212	0
724	1
1213	2
212	0
158	1
59	2
401	0
171	1
4	2
2361	0
178	1
290	2
1326	0
242	1
785	2
485	0
317	1
1380	2
401	0
345	1
59	2
404	0
644	1
290	2
368	0
178	1
885	2
1364	0
969	1
189	2
524	0
650	1
729	2
212	0
2700	1
816	2
1378	0
162	1
290	2
1378	0
726	1
1529	2
672	0
542	1
1722	2
1378	0
631	1
1677	2
292	0
1357	1
356	2
2985	0
376	1
151	2
212	0
690	1
1240	2
279	0
478	1
434	2
2411	0
650	1
74	2
524	0
26	1
150	2
292	0
419	1
131	2
1062	0
207	1
1	2
306	0
178	1
951	2
340	0
1792	1
1380	2
479	0
156	1
1823	2
1028	0
138	1
370	2
424	0
487	1
74	2
577	0
83	1
151	2
142	0
630	1
1	2
651	0
650	1
28	2
763	0
2912	1
23	2
319	0
505	1
1388	2
1021	0
354	1
951	2
887	0
626	1
1983	2
871	0
650	1
1675	2
871	0
650	1
4	2
1378	0
156	1
389	2
292	0
543	1
1240	2
2379	0
113	1
685	2
292	0
1104	1
236	2
522	0
604	1
114	2
1138	0
178	1
1213	2
403	0
156	1
114	2
1031	0
806	1
103	2
2918	0
327	1
236	2
908	0
928	1
1	2
2299	0
431	1
1	2
1445	0
1786	1
23	2
1235	0
26	1
77	2
703	0
266	1
23	2
1772	0
626	1
236	2
212	0
877	1
151	2
524	0
281	1
256	2
831	0
650	1
228	2
1364	0
589	1
103	2
84	0
178	1
114	2
125	0
675	1
428	2
524	0
258	1
445	2
321	0
178	1
323	2
125	0
650	1
92	2
421	0
158	1
1365	2
292	0
487	1
411	2
292	0
431	1
2359	2
421	0
242	1
2193	2
1364	0
1099	1
461	2
1378	0
604	1
515	2
1445	0
451	1
103	2
524	0
242	1
131	2
292	0
451	1
947	2
84	0
626	1
104	2
292	0
604	1
114	2
867	0
178	1
104	2
2091	0
832	1
74	2
421	0
650	1
428	2
169	0
137	1
1615	2
1378	0
641	1
222	2
1326	0
644	1
1174	2
548	0
1104	1
228	2
524	0
487	1
68	2
732	0
360	1
323	2
292	0
1784	1
434	2
732	0
37	1
1	2
479	0
156	1
103	2
1445	0
242	1
370	2
672	0
21	1
239	2
424	0
422	1
1	2
424	0
422	1
41	2
524	0
1269	1
189	2
424	0
116	1
389	2
864	0
422	1
370	2
125	0
178	1
290	2
447	0
928	1
1	2
292	0
604	1
1	2
1445	0
327	1
104	2
864	0
640	1
290	2
1028	0
242	1
23	2
524	0
429	1
1380	2
212	0
185	1
1	2
3275	0
242	1
228	2
444	0
586	1
96	2
401	0
327	1
149	2
223	0
431	1
1054	2
713	0
137	1
23	2
1135	0
158	1
290	2
279	0
422	1
566	2
1813	0
726	1
383	2
851	0
158	1
23	2
444	0
158	1
428	2
807	0
1141	1
1	2
715	0
422	1
720	2
421	0
1112	1
297	2
102	0
627	1
461	2
807	0
431	1
1675	2
379	0
912	1
629	2
4047	0
376	1
254	2
142	0
1367	1
231	2
2634	0
627	1
297	2
2918	0
178	1
290	2
1235	0
184	1
1388	2
292	0
604	1
913	2
125	0
83	1
145	2
1028	0
848	1
566	2
331	0
227	1
68	2
1995	0
650	1
74	2
279	0
26	1
103	2
142	0
462	1
883	2
191	0
627	1
1	2
155	0
650	1
194	2
142	0
246	1
68	2
2411	0
604	1
445	2
279	0
120	1
4	2
188	0
158	1
104	2
212	0
141	1
150	2
851	0
726	1
737	2
279	0
623	1
289	2
212	0
650	1
297	2
819	0
1591	1
23	2
1378	0
156	1
1717	2
212	0
281	1
492	2
479	0
532	1
114	2
203	0
650	1
737	2
403	0
1438	1
59	2
524	0
599	1
737	2
1074	0
487	1
297	2
413	0
724	1
23	2
447	0
232	1
297	2
421	0
928	1
1360	2
3674	0
134	1
290	2
1600	0
429	1
40	2
1088	0
1959	1
370	2
871	0
2394	1
290	2
102	0
755	1
254	2
485	0
696	1
290	2
930	0
690	1
271	2
421	0
1269	1
222	2
1031	0
1316	1
1380	2
421	0
242	1
816	2
485	0
586	1
103	2
2922	0
626	1
1213	2
403	0
178	1
549	2
173	0
627	1
467	2
421	0
260	1
785	2
1406	0
171	1
23	2
1653	0
199	1
228	2
930	0
1141	1
149	2
819	0
671	1
195	2
1022	0
129	1
290	2
292	0
174	1
149	2
292	0
345	1
149	2
651	0
137	1
941	2
142	0
1112	1
103	2
49	0
360	1
290	2
864	0
586	1
28	2
1378	0
505	1
325	2
155	0
1214	1
629	2
403	0
650	1
229	2
1822	0
650	1
913	2
1031	0
116	1
189	2
279	0
184	1
461	2
292	0
137	1
467	2
1822	0
171	1
222	2
292	0
275	1
1368	2
1627	0
178	1
151	2
292	0
303	1
228	2
212	0
56	1
103	2
142	0
542	1
68	2
466	0
778	1
103	2
403	0
937	1
254	2
763	0
429	1
149	2
191	0
137	1
816	2
1520	0
431	1
149	2
763	0
2180	1
1823	2
279	0
969	1
685	2
292	0
478	1
737	2
1445	0
158	1
145	2
84	0
242	1
236	2
539	0
1126	1
501	2
279	0
532	1
634	2
212	0
296	1
1097	2
985	0
386	1
1	2
985	0
806	1
552	2
524	0
422	1
236	2
125	0
2670	1
74	2
528	0
185	1
149	2
846	0
242	1
737	2
846	0
120	1
629	2
485	0
1605	1
383	2
292	0
137	1
149	2
2356	0
626	1
68	2
3289	0
54	1
461	2
367	0
422	1
149	2
142	0
650	1
1432	2
421	0
281	1
1	2
421	0
83	1
737	2
524	0
196	1
254	2
212	0
542	1
28	2
279	0
184	1
816	2
2624	0
626	1
737	2
368	0
1112	1
68	2
528	0
586	1
445	2
292	0
650	1
785	2
524	0
2684	1
290	2
84	0
178	1
2167	2
977	0
453	1
290	2
413	0
806	1
560	2
2990	0
797	1
434	2
424	0
512	1
2212	2
212	0
462	1
297	2
1445	0
359	1
290	2
985	0
478	1
1213	2
2064	0
156	1
1	2
713	0
429	1
428	2
212	0
134	1
428	2
447	0
65	1
145	2
155	0
1033	1
228	2
142	0
107	1
434	2
1445	0
2394	1
189	2
379	0
1875	1
228	2
279	0
120	1
1465	2
522	0
928	1
785	2
1445	0
431	1
59	2
1482	0
1696	1
1465	2
306	0
650	1
492	2
403	0
51	1
254	2
447	0
178	1
103	2
985	0
185	1
461	2
204	0
650	1
764	2
430	0
626	1
149	2
479	0
1792	1
239	2
403	0
604	1
737	2
279	0
747	1
1097	2
985	0
242	1
1200	2
1088	0
21	1
1	2
403	0
684	1
228	2
292	0
589	1
467	2
985	0
928	1
149	2
212	0
26	1
68	2
672	0
589	1
1	2
1247	0
37	1
149	2
279	0
626	1
1893	2
421	0
277	1
356	2
479	0
1209	1
610	2
292	0
650	1
389	2
212	0
1913	1
2107	2
292	0
478	1
461	2
524	0
153	1
297	2
403	0
863	1
290	2
1326	0
650	1
151	2
279	0
185	1
629	2
223	0
589	1
1380	2
424	0
1649	1
816	2
142	0
1078	1
1	2
985	0
327	1
737	2
934	0
640	1
297	2
1028	0
113	1
531	2
292	0
345	1
131	2
819	0
137	1
290	2
421	0
185	1
229	2
447	0
317	1
461	2
279	0
327	1
289	2
524	0
234	1
1409	2
69	0
180	1
370	2
142	0
589	1
428	2
1378	0
505	1
552	2
292	0
156	1
3707	2
466	0
2394	1
737	2
849	0
275	1
2109	2
292	0
2633	1
254	2
212	0
198	1
228	2
763	0
778	1
228	2
1600	0
604	1
1	2
1028	0
376	1
1702	2
367	0
156	1
229	2
2411	0
431	1
1240	2
1021	0
184	1
356	2
413	0
360	1
104	2
1822	0
26	1
913	2
479	0
431	1
1267	2
528	0
97	1
434	2
84	0
24	1
41	2
871	0
296	1
785	2
279	0
755	1
913	2
284	0
532	1
552	2
404	0
1281	1
4	2
248	0
928	1
149	2
292	0
199	1
552	2
539	0
198	1
941	2
367	0
1620	1
356	2
212	0
641	1
1823	2
1022	0
288	1
23	2
524	0
487	1
297	2
1514	0
20	1
297	2
2914	0
330	1
103	2
284	0
589	1
1097	2
1644	0
589	1
1	2
2711	0
806	1
23	2
292	0
1629	1
634	2
524	0
660	1
101	2
403	0
335	1
389	2
1326	0
512	1
149	2
524	0
141	1
289	2
2333	0
604	1
151	2
2120	0
431	1
222	2
142	0
345	1
228	2
1028	0
462	1
228	2
292	0
521	1
239	2
1326	0
451	1
685	2
524	0
260	1
686	2
155	0
1759	1
1	2
125	0
1649	1
913	2
142	0
134	1
1881	2
1600	0
650	1
297	2
485	0
1362	1
228	2
424	0
422	1
1388	2
524	0
1232	1
189	2
1694	0
1112	1
1	2
524	0
475	1
610	2
279	0
24	1
1	2
424	0
650	1
149	2
421	0
26	1
239	2
864	0
1347	1
1	2
485	0
2009	1
290	2
2053	0
650	1
389	2
3289	0
116	1
428	2
142	0
51	1
445	2
379	0
281	1
103	2
713	0
462	1
149	2
524	0
2838	1
951	2
403	0
21	1
103	2
125	0
462	1
991	2
142	0
246	1
228	2
447	0
1173	1
96	2
125	0
137	1
103	2
279	0
26	1
1881	2
1031	0
178	1
96	2
421	0
171	1
1	2
292	0
462	1
290	2
851	0
1281	1
370	2
479	0
171	1
515	2
212	0
422	1
290	2
279	0
327	1
254	2
340	0
623	1
103	2
871	0
542	1
68	2
1062	0
281	1
103	2
319	0
116	1
883	2
479	0
360	1
103	2
292	0
589	1
1	2
1482	0
422	1
1	2
807	0
8	1
1120	2
82	0
747	1
297	2
421	0
180	1
1	2
633	0
141	1
883	2
279	0
360	1
1	2
319	0
478	1
428	2
292	0
185	1
434	2
1031	0
604	1
434	2
279	0
327	1
686	2
651	0
532	1
236	2
688	0
690	1
236	2
1021	0
452	1
1296	2
1028	0
345	1
228	2
1028	0
1141	1
103	2
1028	0
749	1
1	2
1127	0
1720	1
290	2
1062	0
327	1
228	2
142	0
260	1
629	2
989	0
660	1
149	2
401	0
762	1
23	2
424	0
260	1
149	2
1654	0
234	1
68	2
4193	0
141	1
290	2
403	0
650	1
4	2
925	0
650	1
236	2
1160	0
327	1
1267	2
524	0
386	1
149	2
292	0
1792	1
490	2
279	0
327	1
297	2
2110	0
604	1
1097	2
2120	0
604	1
1097	2
191	0
360	1
610	2
368	0
626	1
1623	2
1364	0
478	1
1983	2
279	0
422	1
552	2
292	0
604	1
461	2
447	0
240	1
1291	2
292	0
742	1
103	2
447	0
260	1
467	2
447	0
806	1
1	2
447	0
186	1
103	2
284	0
806	1
228	2
929	0
650	1
222	2
1022	0
24	1
1409	2
447	0
1264	1
114	2
539	0
1239	1
74	2
548	0
463	1
428	2
524	0
116	1
68	2
1190	0
604	1
1	2
421	0
116	1
23	2
421	0
24	1
23	2
169	0
658	1
356	2
447	0
327	1
297	2
292	0
303	1
467	2
292	0
3017	1
68	2
292	0
532	1
685	2
292	0
1367	1
68	2
447	0
532	1
1686	2
819	0
345	1
461	2
819	0
345	1
685	2
292	0
1101	1
297	2
1060	0
303	1
629	2
279	0
327	1
239	2
292	0
141	1
467	2
1031	0
660	1
951	2
279	0
327	1
842	2
1060	0
45	1
239	2
279	0
45	1
1097	2
279	0
660	1
189	2
279	0
345	1
68	2
1031	0
116	1
842	2
279	0
184	1
735	2
279	0
532	1
239	2
292	0
442	1
685	2
292	0
532	1
1686	2
279	0
134	1
189	2
642	0
660	1
461	2
413	0
376	1
68	2
292	0
532	1
461	2
413	0
532	1
68	2
871	0
327	1
1240	2
524	0
296	1
149	2
524	0
327	1
149	2
1028	0
605	1
1	2
1445	0
749	1
1	2
1364	0
116	1
126	2
2544	0
478	1
23	2
688	0
1605	1
428	2
1445	0
327	1
634	2
188	0
120	1
103	2
985	0
384	1
59	2
980	0
138	1
1	2
2064	0
320	1
1	2
102	0
463	1
1	2
1060	0
429	1
149	2
980	0
327	1
23	2
368	0
327	1
1	2
403	0
242	1
1213	2
292	0
1620	1
4	2
368	0
776	1
1	2
2053	0
327	1
1	2
925	0
630	1
461	2
98	0
626	1
23	2
279	0
242	1
629	2
851	0
199	1
290	2
1378	0
422	1
884	2
71	0
5	1
228	2
279	0
912	1
1380	2
142	0
806	1
228	2
367	0
113	1
370	2
1062	0
806	1
228	2
479	0
2246	1
222	2
548	0
863	1
23	2
485	0
762	1
297	2
2922	0
113	1
1	2
125	0
586	1
290	2
188	0
626	1
383	2
169	0
327	1
228	2
851	0
116	1
236	2
864	0
650	1
23	2
248	0
626	1
1097	2
577	0
345	1
41	2
169	0
141	1
515	2
757	0
626	1
634	2
142	0
328	1
1	2
403	0
640	1
997	2
403	0
178	1
68	2
403	0
198	1
1	2
401	0
1175	1
428	2
1445	0
185	1
23	2
84	0
1141	1
785	2
1445	0
660	1
23	2
403	0
178	1
1111	2
403	0
37	1
1030	2
421	0
25	1
290	2
69	0
141	1
1254	2
142	0
1438	1
428	2
403	0
24	1
103	2
102	0
327	1
416	2
2990	0
141	1
189	2
1374	0
684	1
74	2
403	0
260	1
629	2
102	0
141	1
1717	2
528	0
360	1
256	2
169	0
141	1
629	2
1374	0
120	1
103	2
364	0
386	1
236	2
1205	0
141	1
189	2
1235	0
113	1
105	2
403	0
1085	1
935	2
306	0
360	1
103	2
403	0
521	1
450	2
142	0
165	1
1	2
292	0
386	1
103	2
292	0
260	1
236	2
1514	0
749	1
189	2
688	0
1913	1
951	2
556	0
543	1
103	2
188	0
2100	1
236	2
403	0
141	1
625	2
319	0
260	1
189	2
292	0
572	1
103	2
142	0
710	1
1	2
522	0
260	1
103	2
1021	0
141	1
236	2
2990	0
134	1
239	2
142	0
1438	1
149	2
403	0
260	1
103	2
871	0
386	1
189	2
871	0
260	1
189	2
1027	0
327	1
951	2
223	0
113	1
189	2
979	0
478	1
236	2
142	0
2980	1
1	2
2990	0
586	1
461	2
447	0
604	1
239	2
846	0
422	1
737	2
1822	0
260	1
149	2
403	0
422	1
236	2
522	0
386	1
1054	2
1803	0
327	1
2107	2
528	0
422	1
254	2
1326	0
327	1
461	2
169	0
693	1
254	2
1160	0
260	1
1082	2
403	0
1399	1
951	2
989	0
392	1
239	2
503	0
386	1
737	2
292	0
156	1
389	2
480	0
360	1
254	2
292	0
791	1
515	2
292	0
431	1
2272	2
2649	0
604	1
737	2
1178	0
2455	1
114	2
2244	0
303	1
1082	2
169	0
386	1
737	2
985	0
303	1
236	2
403	0
303	1
96	2
688	0
281	1
323	2
524	0
749	1
1082	2
403	0
260	1
461	2
524	0
658	1
1054	2
528	0
660	1
951	2
985	0
116	1
114	2
1289	0
422	1
114	2
1178	0
422	1
947	2
1326	0
521	1
461	2
169	0
156	1
254	2
292	0
604	1
1113	2
401	0
1550	1
239	2
524	0
431	1
805	2
653	0
863	1
236	2
169	0
360	1
737	2
522	0
660	1
114	2
1178	0
156	1
150	2
2992	0
806	1
239	2
188	0
275	1
2324	2
985	0
422	1
114	2
524	0
1877	1
96	2
524	0
303	1
1315	2
1178	0
327	1
149	2
846	0
156	1
254	2
403	0
2455	1
114	2
524	0
260	1
114	2
480	0
327	1
951	2
846	0
2252	1
236	2
524	0
604	1
114	2
688	0
360	1
254	2
524	0
604	1
236	2
292	0
431	1
389	2
401	0
806	1
290	2
1178	0
521	1
149	2
524	0
97	1
947	2
292	0
604	1
737	2
985	0
431	1
1119	2
403	0
1512	1
254	2
292	0
51	1
1192	2
1031	0
626	1
1097	2
447	0
1856	1
1	2
713	0
260	1
1	2
447	0
806	1
149	2
292	0
113	1
289	2
978	0
604	1
1	2
715	0
327	1
445	2
142	0
2240	1
149	2
292	0
242	1
785	2
292	0
242	1
389	2
191	0
5	1
297	2
223	0
431	1
68	2
212	0
626	1
290	2
444	0
462	1
1097	2
279	0
749	1
1097	2
212	0
116	1
61	2
367	0
650	1
1457	2
142	0
134	1
103	2
125	0
1252	1
195	2
524	0
660	1
23	2
692	0
178	1
290	2
292	0
797	1
149	2
22	0
24	1
1	2
1482	0
2882	1
149	2
524	0
281	1
68	2
403	0
83	1
68	2
212	0
113	1
68	2
548	0
627	1
228	2
2012	0
627	1
149	2
284	0
360	1
228	2
284	0
627	1
228	2
1031	0
116	1
566	2
142	0
626	1
634	2
403	0
184	1
951	2
1885	0
650	1
1615	2
846	0
327	1
1432	2
142	0
198	1
231	2
1445	0
156	1
236	2
279	0
83	1
74	2
2053	0
1367	1
1	2
212	0
376	1
997	2
715	0
627	1
290	2
653	0
2912	1
290	2
191	0
83	1
1	2
279	0
452	1
23	2
169	0
327	1
1	2
421	0
650	1
38	2
292	0
626	1
1218	2
421	0
453	1
38	2
212	0
1605	1
1218	2
125	0
806	1
297	2
1248	0
1737	1
730	2
421	0
650	1
816	2
642	0
627	1
290	2
292	0
156	1
1	2
447	0
137	1
236	2
1160	0
1345	1
1	2
3555	0
26	1
1	2
292	0
26	1
685	2
930	0
463	1
1	2
142	0
644	1
68	2
212	0
83	1
23	2
485	0
141	1
1	2
212	0
376	1
23	2
1160	0
185	1
737	2
763	0
137	1
228	2
1654	0
452	1
1	2
1326	0
360	1
290	2
212	0
386	1
254	2
279	0
327	1
290	2
672	0
137	1
114	2
212	0
185	1
290	2
212	0
604	1
566	2
212	0
2390	1
254	2
713	0
627	1
59	2
2064	0
134	1
685	2
212	0
360	1
1655	2
71	0
650	1
254	2
485	0
604	1
1054	2
887	0
487	1
231	2
763	0
478	1
461	2
188	0
1153	1
290	2
1998	0
113	1
1	2
2914	0
134	1
114	2
524	0
1407	1
1655	2
279	0
26	1
254	2
2914	0
360	1
1	2
1654	0
627	1
228	2
1021	0
627	1
59	2
212	0
134	1
1	2
212	0
134	1
685	2
1160	0
604	1
254	2
212	0
1701	1
114	2
713	0
134	1
737	2
887	0
137	1
114	2
2914	0
153	1
1	2
524	0
1525	1
610	2
524	0
327	1
254	2
1326	0
386	1
254	2
279	0
345	1
228	2
279	0
137	1
114	2
279	0
134	1
290	2
485	0
327	1
290	2
524	0
640	1
290	2
1021	0
627	1
228	2
421	0
242	1
59	2
1374	0
327	1
290	2
421	0
1555	1
114	2
934	0
451	1
1221	2
1998	0
386	1
290	2
980	0
650	1
685	2
980	0
327	1
290	2
522	0
360	1
370	2
403	0
431	1
59	2
524	0
185	1
114	2
485	0
422	1
290	2
212	0
185	1
370	2
188	0
650	1
1	2
485	0
185	1
629	2
713	0
360	1
610	2
279	0
137	1
737	2
1426	0
778	1
501	2
524	0
327	1
1	2
421	0
137	1
236	2
212	0
806	1
59	2
713	0
452	1
1	2
212	0
360	1
290	2
1326	0
778	1
74	2
212	0
234	1
685	2
142	0
931	1
228	2
279	0
134	1
114	2
279	0
778	1
1	2
2064	0
640	1
290	2
524	0
327	1
629	2
279	0
199	1
685	2
524	0
234	1
228	2
279	0
451	1
228	2
421	0
806	1
59	2
212	0
2390	1
114	2
524	0
360	1
290	2
2914	0
137	1
228	2
485	0
451	1
1911	2
1326	0
1454	1
228	2
851	0
129	1
239	2
338	0
627	1
629	2
2786	0
726	1
23	2
404	0
1347	1
1	2
403	0
452	1
1291	2
292	0
604	1
149	2
212	0
532	1
785	2
444	0
626	1
236	2
403	0
442	1
1	2
292	0
116	1
1240	2
125	0
1112	1
74	2
292	0
327	1
389	2
292	0
26	1
23	2
1088	0
1153	1
189	2
851	0
345	1
23	2
851	0
8	1
501	2
1445	0
451	1
461	2
851	0
452	1
23	2
1514	0
260	1
297	2
864	0
1336	1
149	2
1426	0
327	1
149	2
2053	0
260	1
149	2
169	0
360	1
1502	2
864	0
17	1
103	2
403	0
640	1
1380	2
413	0
626	1
101	2
1135	0
627	1
1	2
1031	0
1874	1
23	2
1062	0
650	1
74	2
447	0
478	1
290	2
2783	0
1407	1
1	2
524	0
1815	1
290	2
485	0
296	1
1	2
846	0
660	1
290	2
846	0
1239	1
290	2
279	0
532	1
290	2
524	0
275	1
103	2
142	0
627	1
1	2
851	0
1589	1
290	2
292	0
260	1
290	2
524	0
432	1
445	2
292	0
186	1
290	2
524	0
4266	1
290	2
292	0
260	1
445	2
125	0
432	1
290	2
367	0
660	1
103	2
279	0
478	1
997	2
825	0
747	1
228	2
368	0
24	1
634	2
2514	0
776	1
68	2
368	0
640	1
68	2
368	0
478	1
323	2
368	0
198	1
2131	2
368	0
487	1
68	2
125	0
747	1
228	2
1709	0
1407	1
1	2
142	0
37	1
189	2
279	0
3502	1
239	2
1190	0
1737	1
290	2
212	0
630	1
149	2
212	0
1099	1
103	2
212	0
1099	1
737	2
367	0
806	1
111	2
2095	0
912	1
114	2
321	0
97	1
370	2
524	0
234	1
339	2
413	0
626	1
1221	2
1709	0
604	1
842	2
142	0
243	1
68	2
212	0
452	1
236	2
142	0
640	1
947	2
142	0
2581	1
68	2
142	0
1153	1
114	2
212	0
227	1
68	2
84	0
113	1
737	2
292	0
116	1
737	2
292	0
113	1
737	2
340	0
113	1
356	2
1028	0
281	1
290	2
1028	0
242	1
730	2
757	0
116	1
445	2
2717	0
138	1
1	2
524	0
640	1
114	2
466	0
281	1
1	2
819	0
138	1
23	2
1022	0
640	1
290	2
819	0
2240	1
1	2
925	0
20	1
23	2
466	0
281	1
290	2
524	0
542	1
552	2
864	0
20	1
290	2
447	0
586	1
1	2
524	0
20	1
23	2
447	0
1361	1
23	2
447	0
640	1
552	2
1494	0
487	1
1	2
447	0
138	1
1	2
524	0
20	1
1	2
864	0
1318	1
290	2
212	0
180	1
23	2
887	0
196	1
461	2
528	0
573	1
461	2
577	0
360	1
194	2
301	0
198	1
68	2
301	0
198	1
1213	2
851	0
452	1
1432	2
825	0
626	1
236	2
142	0
627	1
461	2
925	0
309	1
1	2
292	0
626	1
1	2
825	0
83	1
629	2
524	0
650	1
2069	2
651	0
650	1
1192	2
466	0
330	1
195	2
444	0
644	1
297	2
447	0
650	1
297	2
142	0
90	1
1054	2
125	0
650	1
1	2
84	0
1336	1
68	2
125	0
165	1
290	2
851	0
327	1
1097	2
1378	0
660	1
297	2
447	0
650	1
290	2
819	0
431	1
290	2
524	0
5	1
68	2
887	0
512	1
23	2
1062	0
604	1
290	2
403	0
107	1
785	2
1378	0
360	1
416	2
403	0
2170	1
149	2
379	0
156	1
23	2
212	0
543	1
239	2
403	0
156	1
149	2
403	0
532	1
324	2
447	0
422	1
149	2
1248	0
690	1
149	2
871	0
589	1
239	2
447	0
604	1
2212	2
447	0
303	1
324	2
1426	0
532	1
149	2
524	0
1792	1
816	2
212	0
586	1
629	2
212	0
303	1
23	2
794	0
690	1
239	2
223	0
1780	1
74	2
212	0
631	1
48	2
403	0
422	1
23	2
379	0
630	1
434	2
524	0
303	1
92	2
3674	0
422	1
239	2
524	0
690	1
23	2
524	0
512	1
629	2
524	0
83	1
239	2
524	0
514	1
23	2
871	0
604	1
383	2
403	0
589	1
629	2
173	0
83	1
74	2
524	0
512	1
2720	2
524	0
83	1
23	2
424	0
543	1
816	2
1028	0
650	1
1	2
403	0
308	1
149	2
212	0
1287	1
189	2
1378	0
2482	1
23	2
1248	0
626	1
68	2
868	0
626	1
68	2
71	0
242	1
290	2
528	0
1347	1
74	2
292	0
650	1
149	2
169	0
25	1
103	2
292	0
196	1
1988	2
447	0
354	1
461	2
1062	0
1605	1
737	2
528	0
1362	1
23	2
367	0
1512	1
290	2
985	0
1091	1
290	2
985	0
386	1
290	2
444	0
116	1
290	2
367	0
1357	1
149	2
212	0
25	1
428	2
279	0
156	1
297	2
887	0
137	1
1368	2
2826	0
360	1
356	2
223	0
113	1
1174	2
871	0
726	1
566	2
871	0
630	1
222	2
188	0
626	1
1240	2
2411	0
422	1
290	2
102	0
360	1
23	2
871	0
644	1
1408	2
688	0
431	1
149	2
1378	0
129	1
23	2
379	0
863	1
23	2
2012	0
626	1
149	2
292	0
386	1
149	2
444	0
478	1
290	2
444	0
478	1
297	2
1378	0
478	1
290	2
75	0
376	1
23	2
524	0
178	1
634	2
4047	0
116	1
290	2
503	0
184	1
290	2
985	0
233	1
1	2
2922	0
1877	1
228	2
3092	0
303	1
228	2
188	0
986	1
228	2
1475	0
360	1
228	2
191	0
776	1
228	2
1326	0
199	1
228	2
223	0
360	1
228	2
1475	0
2912	1
228	2
1477	0
432	1
228	2
292	0
604	1
194	2
583	0
422	1
228	2
403	0
452	1
149	2
524	0
185	1
1388	2
524	0
486	1
1388	2
1364	0
627	1
290	2
1406	0
627	1
428	2
142	0
1792	1
383	2
823	0
749	1
149	2
1378	0
199	1
730	2
368	0
778	1
1380	2
421	0
327	1
941	2
421	0
2240	1
1	2
319	0
627	1
114	2
212	0
627	1
239	2
401	0
604	1
1	2
401	0
626	1
290	2
1160	0
626	1
290	2
672	0
1232	1
103	2
485	0
599	1
1	2
319	0
425	1
737	2
524	0
452	1
68	2
1031	0
113	1
23	2
1445	0
644	1
434	2
1445	0
242	1
228	2
188	0
660	1
278	2
108	0
83	1
501	2
1378	0
162	1
149	2
1445	0
242	1
149	2
173	0
928	1
461	2
292	0
452	1
149	2
413	0
615	1
68	2
413	0
26	1
685	2
1022	0
156	1
685	2
169	0
141	1
411	2
1803	0
626	1
4	2
169	0
626	1
59	2
1021	0
626	1
685	2
485	0
303	1
150	2
424	0
156	1
685	2
1521	0
626	1
518	2
1138	0
1237	1
236	2
1326	0
303	1
103	2
1426	0
431	1
68	2
188	0
360	1
1200	2
338	0
442	1
2107	2
125	0
650	1
720	2
424	0
178	1
816	2
2507	0
178	1
4	2
424	0
178	1
566	2
169	0
626	1
254	2
279	0
640	1
461	2
1644	0
242	1
290	2
1022	0
478	1
236	2
338	0
392	1
103	2
338	0
360	1
290	2
715	0
650	1
228	2
403	0
1141	1
428	2
444	0
296	1
1097	2
444	0
650	1
445	2
807	0
512	1
74	2
444	0
650	1
1097	2
279	0
650	1
428	2
524	0
684	1
370	2
292	0
650	1
1308	2
1062	0
90	1
1	2
279	0
207	1
1	2
819	0
327	1
290	2
524	0
24	1
1368	2
925	0
644	1
737	2
522	0
1239	1
23	2
1326	0
327	1
428	2
212	0
178	1
149	2
1031	0
542	1
254	2
1031	0
2700	1
114	2
401	0
21	1
883	2
524	0
258	1
737	2
524	0
25	1
737	2
2411	0
1398	1
290	2
125	0
384	1
428	2
125	0
384	1
290	2
577	0
384	1
290	2
524	0
260	1
59	2
292	0
806	1
394	2
292	0
431	1
59	2
142	0
431	1
59	2
524	0
25	1
1299	2
292	0
604	1
383	2
279	0
431	1
52	2
188	0
171	1
290	2
524	0
327	1
1097	2
851	0
422	1
728	2
102	0
327	1
655	2
524	0
431	1
23	2
1445	0
327	1
490	2
1445	0
1033	1
655	2
524	0
852	1
1213	2
851	0
258	1
1007	2
421	0
660	1
1240	2
1379	0
431	1
495	2
522	0
422	1
38	2
524	0
422	1
1221	2
653	0
137	1
23	2
473	0
431	1
1008	2
851	0
360	1
23	2
851	0
137	1
1057	2
2379	0
1033	1
254	2
653	0
360	1
445	2
473	0
1033	1
23	2
1445	0
327	1
23	2
102	0
327	1
1192	2
524	0
542	1
1192	2
851	0
1033	1
23	2
292	0
1101	1
236	2
292	0
303	1
1408	2
846	0
386	1
370	2
169	0
589	1
228	2
524	0
754	1
941	2
142	0
487	1
222	2
142	0
626	1
1161	2
524	0
234	1
941	2
142	0
360	1
477	2
142	0
726	1
222	2
368	0
627	1
68	2
1445	0
116	1
370	2
1364	0
543	1
1	2
368	0
4500	1
1	2
713	0
1347	1
1	2
3410	0
275	1
1	2
528	0
113	1
68	2
368	0
327	1
370	2
447	0
234	1
625	2
223	0
8	1
195	2
864	0
156	1
297	2
403	0
937	1
737	2
223	0
106	1
264	2
1190	0
1913	1
1	2
279	0
626	1
103	2
1378	0
178	1
1054	2
715	0
650	1
737	2
292	0
207	1
103	2
887	0
660	1
290	2
479	0
83	1
634	2
279	0
843	1
2459	2
1138	0
573	1
290	2
2869	0
429	1
114	2
2517	0
137	1
290	2
2642	0
442	1
1	2
142	0
586	1
68	2
1599	0
429	1
297	2
292	0
769	1
297	2
447	0
360	1
290	2
1031	0
762	1
189	2
292	0
690	1
103	2
1364	0
644	1
634	2
851	0
431	1
290	2
524	0
134	1
1111	2
279	0
660	1
114	2
1445	0
158	1
461	2
403	0
129	1
1097	2
934	0
626	1
239	2
142	0
626	1
68	2
284	0
1239	1
737	2
4793	0
376	1
23	2
1445	0
627	1
114	2
3219	0
1033	1
290	2
284	0
113	1
1380	2
403	0
2912	1
1	2
524	0
113	1
59	2
1178	0
83	1
228	2
1326	0
431	1
1	2
1095	0
116	1
461	2
1326	0
113	1
228	2
1326	0
431	1
685	2
1326	0
116	1
685	2
1326	0
83	1
59	2
3828	0
431	1
228	2
1348	0
431	1
103	2
1326	0
275	1
59	2
524	0
83	1
59	2
444	0
627	1
68	2
1888	0
627	1
428	2
379	0
327	1
434	2
403	0
604	1
236	2
292	0
626	1
228	2
319	0
185	1
913	2
447	0
185	1
257	2
125	0
1614	1
74	2
403	0
9	1
23	2
447	0
1398	1
228	2
1160	0
486	1
228	2
319	0
185	1
501	2
447	0
242	1
3707	2
142	0
240	1
356	2
188	0
242	1
290	2
447	0
1141	1
1	2
447	0
749	1
477	2
223	0
630	1
686	2
169	0
1141	1
531	2
142	0
690	1
883	2
2036	0
912	1
222	2
524	0
330	1
2069	2
191	0
330	1
222	2
223	0
242	1
686	2
403	0
604	1
610	2
403	0
1239	1
290	2
899	0
242	1
290	2
403	0
912	1
290	2
524	0
626	1
1380	2
403	0
690	1
446	2
447	0
1610	1
222	2
142	0
240	1
34	2
212	0
478	1
1	2
2957	0
627	1
1	2
212	0
627	1
1	2
212	0
589	1
103	2
528	0
776	1
236	2
212	0
589	1
552	2
1326	0
183	1
23	2
934	0
755	1
290	2
479	0
626	1
290	2
279	0
586	1
189	2
524	0
24	1
389	2
524	0
207	1
23	2
319	0
431	1
23	2
657	0
1048	1
271	2
524	0
141	1
1	2
292	0
137	1
1	2
292	0
242	1
189	2
292	0
1357	1
189	2
284	0
113	1
228	2
279	0
171	1
1380	2
524	0
650	1
114	2
142	0
650	1
68	2
279	0
2236	1
1	2
985	0
1032	1
114	2
1028	0
431	1
103	2
485	0
137	1
114	2
1707	0
260	1
189	2
1326	0
137	1
552	2
929	0
431	1
389	2
524	0
800	1
103	2
401	0
463	1
103	2
485	0
26	1
290	2
223	0
70	1
264	2
807	0
113	1
1	2
524	0
660	1
290	2
212	0
262	1
461	2
212	0
281	1
1380	2
142	0
198	1
59	2
212	0
158	1
428	2
444	0
156	1
428	2
524	0
797	1
1409	2
169	0
242	1
1409	2
524	0
327	1
1409	2
169	0
198	1
1409	2
102	0
174	1
59	2
142	0
684	1
68	2
1364	0
327	1
290	2
1326	0
604	1
149	2
985	0
26	1
549	2
1364	0
626	1
103	2
22	0
242	1
59	2
292	0
650	1
4	2
292	0
422	1
23	2
292	0
21	1
149	2
1709	0
422	1
428	2
292	0
650	1
428	2
2053	0
24	1
23	2
424	0
928	1
236	2
142	0
17	1
68	2
763	0
116	1
816	2
279	0
156	1
567	2
1364	0
431	1
23	2
524	0
779	1
290	2
1326	0
650	1
59	2
403	0
422	1
1823	2
403	0
116	1
41	2
292	0
419	1
239	2
292	0
627	1
149	2
292	0
505	1
4	2
524	0
627	1
4	2
1445	0
419	1
68	2
1088	0
650	1
68	2
524	0
178	1
1174	2
1378	0
765	1
236	2
142	0
386	1
951	2
1062	0
1512	1
629	2
1028	0
1438	1
1442	2
223	0
113	1
737	2
807	0
240	1
114	2
142	0
1269	1
114	2
577	0
650	1
383	2
524	0
158	1
222	2
279	0
626	1
1	2
524	0
116	1
1174	2
1127	0
116	1
59	2
819	0
626	1
290	2
1378	0
2987	1
103	2
846	0
327	1
68	2
1205	0
726	1
1174	2
2024	0
134	1
493	2
188	0
371	1
2109	2
424	0
442	1
1409	2
1674	0
806	1
1	2
846	0
327	1
428	2
447	0
452	1
1097	2
3267	0
234	1
461	2
421	0
242	1
913	2
1088	0
178	1
149	2
2110	0
242	1
1	2
4047	0
1347	1
1	2
851	0
1550	1
1	2
1178	0
1352	1
228	2
2807	0
376	1
290	2
851	0
675	1
290	2
368	0
242	1
1240	2
851	0
242	1
1	2
319	0
1198	1
1	2
1178	0
1198	1
290	2
524	0
422	1
59	2
125	0
1438	1
59	2
479	0
627	1
59	2
223	0
589	1
737	2
125	0
106	1
228	2
223	0
106	1
737	2
125	0
242	1
1240	2
223	0
242	1
228	2
125	0
242	1
1174	2
524	0
156	1
1097	2
1138	0
386	1
254	2
1138	0
627	1
1097	2
1426	0
360	1
239	2
929	0
903	1
1	2
2922	0
604	1
997	2
632	0
345	1
434	2
736	0
542	1
1254	2
819	0
1649	1
1174	2
524	0
345	1
1097	2
524	0
431	1
1299	2
2379	0
26	1
370	2
524	0
1361	1
428	2
212	0
626	1
114	2
473	0
626	1
189	2
424	0
630	1
1	2
284	0
137	1
467	2
1364	0
242	1
1	2
466	0
178	1
23	2
403	0
650	1
236	2
809	0
171	1
23	2
403	0
116	1
23	2
1378	0
626	1
389	2
364	0
116	1
389	2
292	0
521	1
1240	2
292	0
626	1
289	2
1031	0
604	1
290	2
1378	0
650	1
189	2
155	0
137	1
289	2
1364	0
376	1
247	2
444	0
303	1
785	2
212	0
260	1
290	2
212	0
406	1
935	2
524	0
512	1
1894	2
1095	0
749	1
189	2
985	0
462	1
290	2
292	0
1048	1
728	2
2064	0
626	1
23	2
125	0
327	1
477	2
1600	0
178	1
74	2
142	0
51	1
1	2
524	0
51	1
1	2
528	0
178	1
883	2
421	0
1101	1
290	2
125	0
843	1
290	2
524	0
843	1
290	2
421	0
384	1
23	2
212	0
37	1
68	2
524	0
374	1
254	2
1445	0
156	1
103	2
292	0
1281	1
290	2
173	0
478	1
149	2
444	0
431	1
68	2
292	0
141	1
634	2
1031	0
24	1
290	2
524	0
650	1
497	2
1031	0
116	1
2109	2
524	0
24	1
428	2
1060	0
116	1
290	2
524	0
650	1
2193	2
2914	0
431	1
23	2
985	0
156	1
290	2
479	0
2284	1
1409	2
142	0
242	1
228	2
142	0
242	1
68	2
169	0
586	1
1	2
473	0
431	1
1	2
403	0
345	1
533	2
444	0
138	1
290	2
871	0
726	1
149	2
321	0
138	1
290	2
108	0
199	1
290	2
539	0
1033	1
41	2
985	0
83	1
1	2
930	0
644	1
1	2
2411	0
431	1
149	2
524	0
26	1
103	2
1021	0
690	1
236	2
528	0
2246	1
297	2
142	0
129	1
737	2
191	0
198	1
686	2
1028	0
575	1
92	2
864	0
487	1
1368	2
846	0
296	1
96	2
763	0
640	1
239	2
524	0
178	1
737	2
524	0
178	1
103	2
188	0
303	1
1	2
1178	0
912	1
297	2
444	0
296	1
236	2
403	0
134	1
290	2
1364	0
360	1
290	2
871	0
260	1
1497	2
524	0
640	1
428	2
871	0
376	1
23	2
651	0
25	1
290	2
539	0
185	1
1686	2
2673	0
2246	1
239	2
1138	0
650	1
23	2
1138	0
690	1
1240	2
651	0
650	1
23	2
524	0
431	1
1576	2
2411	0
1033	1
149	2
2053	0
198	1
629	2
480	0
242	1
68	2
485	0
83	1
195	2
485	0
327	1
997	2
284	0
327	1
103	2
284	0
242	1
103	2
212	0
432	1
428	2
524	0
432	1
34	2
447	0
178	1
145	2
142	0
806	1
149	2
479	0
275	1
4	2
1426	0
905	1
1675	2
524	0
178	1
913	2
1031	0
178	1
428	2
125	0
242	1
461	2
203	0
604	1
461	2
1378	0
141	1
59	2
851	0
487	1
59	2
3289	0
626	1
189	2
485	0
178	1
1054	2
142	0
330	1
28	2
421	0
442	1
28	2
1095	0
487	1
951	2
653	0
604	1
247	2
403	0
650	1
1	2
479	0
604	1
236	2
1445	0
242	1
634	2
142	0
862	1
68	2
1445	0
1786	1
236	2
1445	0
604	1
434	2
524	0
242	1
68	2
279	0
419	1
356	2
401	0
156	1
389	2
292	0
1357	1
1502	2
191	0
431	1
686	2
851	0
660	1
1	2
292	0
1357	1
2437	2
713	0
442	1
1	2
851	0
573	1
149	2
812	0
296	1
149	2
985	0
359	1
150	2
413	0
452	1
737	2
279	0
327	1
111	2
142	0
431	1
228	2
444	0
178	1
189	2
84	0
1112	1
1	2
528	0
260	1
1702	2
1378	0
51	1
2512	2
485	0
586	1
236	2
424	0
116	1
1717	2
479	0
178	1
1717	2
2660	0
26	1
1783	2
292	0
478	1
567	2
1031	0
141	1
353	2
479	0
945	1
145	2
421	0
384	1
290	2
279	0
779	1
289	2
403	0
158	1
1008	2
1326	0
478	1
290	2
485	0
178	1
103	2
1326	0
178	1
290	2
424	0
626	1
23	2
223	0
627	1
629	2
819	0
1153	1
236	2
819	0
260	1
236	2
1138	0
644	1
842	2
1060	0
1316	1
228	2
1060	0
422	1
228	2
1138	0
137	1
434	2
279	0
806	1
68	2
75	0
422	1
236	2
715	0
83	1
389	2
212	0
512	1
1615	2
212	0
2180	1
1524	2
169	0
185	1
23	2
1803	0
185	1
23	2
430	0
242	1
23	2
212	0
644	1
23	2
1326	0
185	1
103	2
401	0
451	1
2109	2
1031	0
542	1
290	2
319	0
797	1
290	2
424	0
627	1
515	2
424	0
419	1
737	2
3289	0
650	1
114	2
212	0
575	1
239	2
368	0
626	1
461	2
447	0
138	1
4	2
444	0
270	1
634	2
331	0
627	1
883	2
985	0
392	1
236	2
1326	0
432	1
416	2
524	0
453	1
23	2
403	0
184	1
23	2
403	0
453	1
103	2
1521	0
134	1
103	2
524	0
747	1
735	2
403	0
650	1
88	2
367	0
1347	1
883	2
403	0
129	1
114	2
524	0
604	1
297	2
292	0
178	1
4	2
142	0
623	1
467	2
713	0
422	1
2107	2
142	0
463	1
114	2
2914	0
422	1
730	2
2914	0
116	1
103	2
1378	0
113	1
254	2
2095	0
660	1
1097	2
1364	0
422	1
222	2
1364	0
422	1
461	2
1445	0
1281	1
114	2
403	0
589	1
1894	2
403	0
931	1
685	2
1028	0
644	1
59	2
403	0
384	1
552	2
1028	0
1664	1
290	2
1822	0
627	1
149	2
368	0
26	1
1017	2
338	0
749	1
428	2
577	0
178	1
131	2
1822	0
83	1
785	2
1378	0
1232	1
1	2
338	0
749	1
1	2
2053	0
185	1
103	2
155	0
158	1
1	2
1378	0
327	1
531	2
403	0
158	1
428	2
142	0
431	1
68	2
212	0
158	1
649	2
522	0
627	1
356	2
444	0
1959	1
434	2
142	0
2999	1
68	2
155	0
406	1
1097	2
321	0
296	1
290	2
321	0
327	1
290	2
851	0
116	1
1119	2
524	0
1343	1
4	2
142	0
589	1
1380	2
1031	0
422	1
114	2
279	0
165	1
103	2
279	0
422	1
114	2
212	0
171	1
655	2
142	0
327	1
1380	2
1709	0
327	1
228	2
84	0
360	1
239	2
1709	0
327	1
1	2
1482	0
327	1
236	2
846	0
360	1
104	2
2715	0
184	1
68	2
524	0
1721	1
1	2
279	0
386	1
445	2
470	0
26	1
1823	2
1482	0
327	1
951	2
155	0
1438	1
1097	2
292	0
604	1
1097	2
989	0
605	1
290	2
212	0
327	1
997	2
379	0
478	1
114	2
444	0
586	1
370	2
444	0
178	1
370	2
292	0
8	1
68	2
524	0
156	1
461	2
651	0
158	1
290	2
421	0
660	1
737	2
421	0
178	1
428	2
142	0
345	1
467	2
368	0
650	1
290	2
1445	0
83	1
239	2
413	0
912	1
629	2
851	0
640	1
389	2
142	0
1407	1
629	2
1364	0
2298	1
290	2
479	0
303	1
23	2
169	0
697	1
23	2
479	0
905	1
23	2
1021	0
260	1
290	2
421	0
134	1
290	2
279	0
262	1
816	2
479	0
505	1
254	2
1378	0
626	1
247	2
444	0
21	1
290	2
338	0
83	1
74	2
479	0
1660	1
189	2
444	0
327	1
228	2
212	0
113	1
1	2
528	0
650	1
114	2
142	0
113	1
222	2
424	0
627	1
1174	2
212	0
419	1
111	2
84	0
171	1
23	2
57	0
604	1
297	2
223	0
626	1
228	2
539	0
626	1
228	2
485	0
156	1
882	2
292	0
1336	1
150	2
292	0
303	1
389	2
763	0
171	1
501	2
1445	0
451	1
1380	2
1378	0
178	1
883	2
284	0
1112	1
195	2
2815	0
1112	1
228	2
321	0
137	1
428	2
929	0
116	1
1	2
4274	0
626	1
236	2
352	0
626	1
356	2
1364	0
650	1
1200	2
851	0
178	1
297	2
292	0
24	1
114	2
191	0
1773	1
1	2
1235	0
1649	1
23	2
524	0
116	1
229	2
368	0
1033	1
290	2
403	0
178	1
389	2
319	0
345	1
1	2
319	0
478	1
290	2
479	0
747	1
239	2
479	0
262	1
2	2
524	0
1838	1
1	2
379	0
630	1
114	2
1429	0
178	1
68	2
1429	0
419	1
222	2
524	0
64	1
297	2
2807	0
626	1
816	2
3044	0
630	1
290	2
279	0
386	1
428	2
279	0
345	1
2069	2
319	0
1258	1
461	2
279	0
487	1
23	2
292	0
178	1
114	2
279	0
178	1
461	2
142	0
392	1
941	2
447	0
1568	1
297	2
1364	0
806	1
239	2
548	0
626	1
114	2
1031	0
626	1
239	2
1088	0
51	1
445	2
279	0
586	1
428	2
1326	0
327	1
655	2
444	0
1649	1
239	2
401	0
1237	1
737	2
444	0
627	1
239	2
75	0
178	1
461	2
823	0
327	1
239	2
524	0
116	1
194	2
292	0
451	1
629	2
851	0
650	1
1	2
108	0
650	1
23	2
1031	0
327	1
428	2
368	0
137	1
23	2
485	0
905	1
103	2
1378	0
327	1
59	2
279	0
258	1
23	2
524	0
141	1
1572	2
851	0
412	1
228	2
2012	0
690	1
1	2
321	0
1350	1
23	2
1445	0
345	1
4	2
2012	0
644	1
189	2
1060	0
644	1
1	2
1475	0
644	1
1174	2
1060	0
684	1
68	2
444	0
797	1
477	2
292	0
451	1
1017	2
292	0
969	1
4	2
485	0
116	1
239	2
403	0
660	1
189	2
403	0
178	1
290	2
929	0
178	1
290	2
212	0
912	1
2459	2
338	0
746	1
1174	2
1374	0
532	1
1	2
1475	0
478	1
23	2
807	0
945	1
231	2
338	0
185	1
68	2
212	0
24	1
229	2
306	0
1620	1
68	2
4315	0
275	1
1	2
2099	0
650	1
23	2
447	0
928	1
114	2
2012	0
650	1
297	2
413	0
1141	1
228	2
934	0
281	1
149	2
188	0
296	1
445	2
188	0
1438	1
566	2
864	0
451	1
290	2
142	0
1357	1
737	2
985	0
240	1
291	2
577	0
260	1
629	2
577	0
178	1
189	2
57	0
137	1
389	2
284	0
386	1
290	2
1378	0
376	1
560	2
713	0
116	1
239	2
757	0
116	1
23	2
413	0
24	1
1	2
524	0
116	1
189	2
539	0
258	1
195	2
447	0
106	1
842	2
1822	0
650	1
290	2
447	0
178	1
23	2
368	0
384	1
23	2
479	0
20	1
23	2
524	0
626	1
434	2
1445	0
242	1
103	2
403	0
463	1
114	2
292	0
1792	1
552	2
248	0
650	1
634	2
1178	0
113	1
189	2
2198	0
589	1
290	2
479	0
303	1
1097	2
430	0
640	1
68	2
851	0
327	1
450	2
1062	0
650	1
149	2
925	0
327	1
997	2
1453	0
575	1
290	2
1326	0
262	1
228	2
447	0
137	1
114	2
444	0
442	1
222	2
84	0
116	1
290	2
401	0
178	1
4	2
485	0
120	1
195	2
653	0
24	1
1409	2
1445	0
594	1
290	2
1021	0
24	1
1	2
703	0
198	1
737	2
292	0
615	1
737	2
2649	0
626	1
1267	2
1364	0
2912	1
1409	2
292	0
198	1
256	2
786	0
198	1
629	2
379	0
604	1
290	2
447	0
156	1
477	2
1364	0
196	1
941	2
763	0
156	1
1	2
1364	0
626	1
610	2
447	0
198	1
1675	2
763	0
156	1
290	2
444	0
51	1
59	2
1169	0
644	1
131	2
636	0
487	1
629	2
1445	0
589	1
23	2
1062	0
242	1
254	2
403	0
797	1
941	2
142	0
589	1
737	2
1031	0
178	1
290	2
692	0
650	1
151	2
421	0
432	1
59	2
713	0
392	1
247	2
212	0
156	1
1465	2
524	0
650	1
1200	2
651	0
747	1
114	2
444	0
586	1
23	2
223	0
627	1
634	2
292	0
650	1
1174	2
871	0
650	1
189	2
524	0
354	1
785	2
142	0
260	1
68	2
212	0
453	1
1097	2
1031	0
627	1
228	2
306	0
178	1
492	2
633	0
631	1
68	2
142	0
113	1
686	2
142	0
451	1
634	2
1378	0
1787	1
254	2
444	0
604	1
913	2
444	0
650	1
816	2
485	0
626	1
1360	2
825	0
505	1
370	2
191	0
1699	1
501	2
2544	0
644	1
103	2
292	0
1033	1
103	2
212	0
644	1
428	2
528	0
116	1
23	2
447	0
928	1
149	2
155	0
83	1
290	2
321	0
327	1
816	2
1247	0
156	1
103	2
1178	0
1175	1
297	2
223	0
1472	1
610	2
292	0
199	1
290	2
539	0
627	1
149	2
319	0
627	1
883	2
985	0
782	1
23	2
447	0
453	1
445	2
485	0
436	1
290	2
851	0
747	1
290	2
279	0
303	1
1	2
447	0
627	1
2359	2
479	0
589	1
1408	2
479	0
589	1
290	2
279	0
806	1
445	2
447	0
927	1
149	2
292	0
872	1
290	2
292	0
487	1
1	2
447	0
242	1
445	2
479	0
265	1
1	2
292	0
242	1
685	2
1482	0
589	1
297	2
447	0
2246	1
1	2
4274	0
589	1
685	2
447	0
747	1
297	2
447	0
2581	1
685	2
808	0
589	1
290	2
524	0
384	1
23	2
1445	0
242	1
1576	2
447	0
2246	1
149	2
2095	0
156	1
1	2
485	0
955	1
2167	2
479	0
640	1
290	2
292	0
242	1
103	2
653	0
2581	1
297	2
874	0
327	1
297	2
368	0
589	1
290	2
1445	0
573	1
114	2
1482	0
650	1
247	2
447	0
927	1
23	2
447	0
927	1
59	2
292	0
604	1
189	2
169	0
2912	1
7	2
84	0
589	1
7	2
1088	0
242	1
816	2
1031	0
37	1
1	2
1088	0
345	1
222	2
1445	0
384	1
236	2
1445	0
418	1
1	2
524	0
1649	1
236	2
524	0
95	1
114	2
1918	0
432	1
290	2
444	0
589	1
59	2
188	0
627	1
461	2
84	0
1367	1
59	2
430	0
25	1
222	2
1060	0
137	1
737	2
849	0
573	1
290	2
403	0
199	1
1240	2
444	0
345	1
236	2
403	0
432	1
189	2
142	0
277	1
114	2
444	0
589	1
222	2
403	0
21	1
290	2
188	0
586	1
150	2
672	0
134	1
236	2
470	0
137	1
194	2
424	0
260	1
1949	2
284	0
1525	1
23	2
292	0
270	1
59	2
292	0
113	1
1655	2
279	0
852	1
68	2
279	0
199	1
68	2
1445	0
2485	1
1	2
1031	0
137	1
23	2
444	0
3502	1
68	2
1031	0
360	1
96	2
444	0
51	1
23	2
548	0
51	1
428	2
1445	0
626	1
103	2
292	0
626	1
1299	2
1709	0
178	1
114	2
479	0
178	1
96	2
703	0
384	1
1	2
424	0
505	1
951	2
1031	0
242	1
1717	2
223	0
626	1
1030	2
447	0
431	1
231	2
864	0
650	1
297	2
125	0
26	1
2900	2
577	0
542	1
883	2
577	0
914	1
883	2
524	0
928	1
667	2
651	0
627	1
461	2
368	0
134	1
239	2
688	0
1347	1
114	2
763	0
327	1
1192	2
651	0
1444	1
114	2
292	0
1568	1
114	2
447	0
586	1
1360	2
539	0
185	1
254	2
447	0
178	1
247	2
846	0
374	1
114	2
871	0
327	1
254	2
831	0
431	1
297	2
421	0
171	1
785	2
851	0
158	1
941	2
2660	0
650	1
189	2
1709	0
626	1
236	2
1709	0
431	1
236	2
2411	0
384	1
1675	2
108	0
650	1
816	2
142	0
650	1
103	2
226	0
451	1
228	2
864	0
1711	1
290	2
2660	0
650	1
428	2
401	0
137	1
1408	2
479	0
1173	1
1150	2
292	0
1099	1
103	2
447	0
627	1
4	2
447	0
327	1
4	2
169	0
627	1
103	2
989	0
626	1
629	2
503	0
138	1
68	2
403	0
141	1
325	2
368	0
1318	1
1213	2
367	0
17	1
103	2
403	0
141	1
68	2
444	0
345	1
1213	2
444	0
1269	1
68	2
367	0
260	1
103	2
367	0
260	1
68	2
1445	0
660	1
428	2
539	0
288	1
74	2
485	0
116	1
1218	2
823	0
178	1
461	2
421	0
912	1
1097	2
212	0
675	1
383	2
479	0
425	1
785	2
485	0
912	1
1097	2
102	0
141	1
383	2
279	0
684	1
290	2
319	0
640	1
290	2
1178	0
2014	1
290	2
851	0
171	1
74	2
1358	0
431	1
290	2
1429	0
749	1
254	2
102	0
83	1
74	2
1429	0
206	1
477	2
1028	0
275	1
254	2
1482	0
650	1
816	2
524	0
1786	1
290	2
444	0
1786	1
290	2
379	0
650	1
1783	2
864	0
178	1
145	2
403	0
262	1
1511	2
524	0
95	1
1097	2
188	0
456	1
231	2
1326	0
893	1
290	2
1138	0
463	1
290	2
424	0
1318	1
290	2
306	0
431	1
785	2
292	0
116	1
477	2
292	0
586	1
103	2
212	0
532	1
477	2
212	0
650	1
4	2
212	0
376	1
290	2
292	0
441	1
103	2
212	0
184	1
290	2
212	0
24	1
4	2
1521	0
303	1
290	2
577	0
604	1
428	2
292	0
912	1
228	2
2815	0
199	1
290	2
125	0
586	1
23	2
444	0
650	1
785	2
169	0
644	1
222	2
522	0
234	1
461	2
864	0
650	1
1	2
1235	0
928	1
2069	2
444	0
83	1
254	2
1445	0
451	1
1881	2
292	0
296	1
1	2
524	0
452	1
1380	2
479	0
330	1
189	2
934	0
586	1
68	2
292	0
185	1
68	2
403	0
626	1
254	2
292	0
650	1
1097	2
524	0
116	1
428	2
424	0
260	1
257	2
125	0
158	1
323	2
444	0
431	1
114	2
1378	0
392	1
290	2
479	0
462	1
290	2
479	0
631	1
428	2
292	0
1141	1
428	2
212	0
722	1
290	2
1364	0
327	1
297	2
284	0
1716	1
1097	2
485	0
199	1
445	2
1391	0
419	1
1221	2
962	0
650	1
68	2
2095	0
626	1
634	2
470	0
451	1
370	2
413	0
198	1
634	2
2815	0
542	1
1213	2
447	0
141	1
96	2
212	0
24	1
484	2
524	0
24	1
484	2
867	0
156	1
290	2
846	0
650	1
1213	2
524	0
1141	1
370	2
831	0
650	1
68	2
331	0
542	1
103	2
212	0
623	1
951	2
1138	0
178	1
114	2
1031	0
532	1
114	2
672	0
138	1
290	2
284	0
644	1
2325	2
851	0
452	1
2109	2
651	0
116	1
23	2
651	0
156	1
941	2
379	0
137	1
816	2
548	0
83	1
1240	2
851	0
1258	1
222	2
1326	0
360	1
297	2
1445	0
1258	1
290	2
851	0
258	1
74	2
846	0
1239	1
59	2
1326	0
1033	1
74	2
100	0
596	1
228	2
524	0
640	1
68	2
479	0
178	1
103	2
424	0
116	1
236	2
479	0
178	1
236	2
1088	0
626	1
239	2
485	0
626	1
189	2
212	0
675	1
239	2
413	0
650	1
1	2
367	0
113	1
271	2
403	0
185	1
1469	2
447	0
425	1
23	2
851	0
1033	1
239	2
279	0
431	1
290	2
1021	0
2882	1
816	2
1813	0
120	1
149	2
479	0
852	1
239	2
479	0
1438	1
236	2
479	0
627	1
23	2
212	0
1910	1
254	2
444	0
1779	1
1174	2
292	0
432	1
428	2
2379	0
129	1
254	2
403	0
754	1
634	2
424	0
281	1
1432	2
84	0
604	1
1240	2
1028	0
644	1
1408	2
142	0
56	1
737	2
401	0
431	1
189	2
447	0
599	1
1408	2
985	0
178	1
323	2
807	0
1699	1
195	2
421	0
116	1
59	2
528	0
184	1
290	2
447	0
137	1
59	2
528	0
586	1
1120	2
485	0
327	1
566	2
125	0
626	1
4	2
864	0
178	1
883	2
403	0
650	1
490	2
321	0
156	1
290	2
524	0
627	1
785	2
169	0
627	1
254	2
524	0
262	1
101	2
524	0
650	1
40	2
524	0
627	1
101	2
403	0
1232	1
239	2
279	0
690	1
1213	2
188	0
137	1
239	2
1998	0
178	1
68	2
524	0
650	1
150	2
125	0
799	1
239	2
368	0
806	1
239	2
188	0
199	1
2131	2
1326	0
116	1
634	2
403	0
327	1
490	2
403	0
644	1
1671	2
142	0
303	1
1240	2
930	0
462	1
103	2
447	0
1167	1
103	2
1028	0
650	1
189	2
524	0
354	1
74	2
212	0
626	1
1	2
212	0
604	1
1240	2
279	0
184	1
552	2
524	0
132	1
236	2
447	0
627	1
1240	2
279	0
1318	1
194	2
985	0
327	1
428	2
367	0
18	1
290	2
703	0
162	1
114	2
223	0
589	1
531	2
403	0
675	1
68	2
292	0
198	1
59	2
424	0
1649	1
1442	2
292	0
260	1
1881	2
292	0
260	1
68	2
692	0
234	1
151	2
292	0
260	1
1097	2
524	0
327	1
229	2
713	0
432	1
23	2
142	0
422	1
883	2
2922	0
137	1
114	2
292	0
386	1
239	2
1378	0
156	1
101	2
421	0
141	1
297	2
447	0
589	1
844	2
421	0
650	1
28	2
292	0
650	1
1218	2
292	0
242	1
411	2
142	0
327	1
951	2
692	0
422	1
149	2
1445	0
327	1
194	2
851	0
327	1
951	2
142	0
1407	1
533	2
1445	0
644	1
951	2
1445	0
178	1
428	2
1378	0
627	1
913	2
1095	0
431	1
189	2
284	0
24	1
103	2
479	0
156	1
114	2
424	0
945	1
114	2
169	0
141	1
816	2
524	0
24	1
1	2
524	0
575	1
883	2
421	0
260	1
1097	2
292	0
626	1
1240	2
292	0
95	1
997	2
292	0
799	1
290	2
292	0
422	1
370	2
279	0
21	1
297	2
1062	0
806	1
844	2
1378	0
158	1
59	2
279	0
21	1
610	2
403	0
296	1
917	2
421	0
551	1
634	2
1205	0
1792	1
68	2
279	0
113	1
467	2
424	0
644	1
34	2
212	0
806	1
467	2
548	0
156	1
2	2
503	0
626	1
222	2
424	0
24	1
461	2
403	0
21	1
737	2
421	0
296	1
104	2
524	0
56	1
1805	2
421	0
604	1
239	2
479	0
24	1
1054	2
403	0
345	1
2302	2
851	0
359	1
445	2
985	0
573	1
189	2
421	0
806	1
450	2
851	0
262	1
2325	2
851	0
51	1
1511	2
212	0
626	1
1380	2
403	0
1784	1
239	2
1028	0
429	1
290	2
851	0
134	1
885	2
524	0
806	1
104	2
851	0
463	1
461	2
1028	0
408	1
290	2
424	0
24	1
735	2
212	0
573	1
685	2
108	0
24	1
531	2
1028	0
21	1
2151	2
279	0
627	1
1380	2
672	0
604	1
150	2
524	0
1237	1
239	2
851	0
573	1
655	2
368	0
116	1
1465	2
421	0
463	1
461	2
851	0
51	1
34	2
421	0
627	1
222	2
524	0
156	1
225	2
985	0
24	1
290	2
424	0
134	1
1008	2
421	0
1237	1
1008	2
1378	0
797	1
1213	2
413	0
806	1
228	2
212	0
626	1
228	2
319	0
650	1
290	2
485	0
650	1
552	2
284	0
650	1
1299	2
292	0
113	1
1240	2
292	0
185	1
1240	2
292	0
782	1
103	2
319	0
650	1
23	2
528	0
158	1
23	2
524	0
791	1
290	2
1364	0
25	1
239	2
524	0
726	1
610	2
403	0
178	1
1240	2
292	0
1940	1
290	2
125	0
1913	1
103	2
989	0
626	1
1	2
479	0
589	1
189	2
577	0
196	1
290	2
577	0
726	1
290	2
524	0
1112	1
189	2
424	0
384	1
290	2
485	0
171	1
149	2
212	0
281	1
59	2
292	0
912	1
935	2
212	0
747	1
1	2
1160	0
156	1
370	2
125	0
660	1
59	2
1378	0
242	1
785	2
982	0
242	1
68	2
444	0
650	1
1	2
871	0
626	1
785	2
368	0
604	1
383	2
871	0
171	1
785	2
444	0
441	1
59	2
1429	0
199	1
289	2
524	0
512	1
103	2
524	0
478	1
737	2
424	0
928	1
737	2
524	0
738	1
114	2
864	0
1239	1
194	2
985	0
928	1
236	2
430	0
24	1
149	2
413	0
260	1
1	2
524	0
180	1
552	2
1378	0
137	1
515	2
1031	0
345	1
247	2
22	0
586	1
290	2
524	0
406	1
96	2
142	0
697	1
59	2
692	0
26	1
290	2
930	0
626	1
461	2
212	0
422	1
1120	2
524	0
1336	1
339	2
403	0
156	1
655	2
864	0
914	1
1	2
985	0
928	1
1	2
1521	0
178	1
428	2
403	0
1239	1
59	2
212	0
1792	1
228	2
524	0
542	1
189	2
2914	0
542	1
149	2
1088	0
113	1
467	2
1364	0
589	1
222	2
524	0
650	1
104	2
1022	0
196	1
290	2
1482	0
431	1
737	2
524	0
137	1
231	2
1885	0
650	1
114	2
212	0
392	1
625	2
279	0
431	1
236	2
577	0
422	1
236	2
404	0
431	1
236	2
1611	0
589	1
236	2
1028	0
626	1
228	2
284	0
640	1
1174	2
2914	0
969	1
515	2
1234	0
156	1
737	2
846	0
626	1
2384	2
887	0
431	1
1267	2
1521	0
198	1
515	2
887	0
26	1
941	2
846	0
478	1
389	2
403	0
604	1
1240	2
864	0
185	1
195	2
1021	0
626	1
1082	2
2914	0
1112	1
74	2
989	0
116	1
1150	2
864	0
185	1
737	2
524	0
543	1
629	2
524	0
260	1
1150	2
846	0
431	1
941	2
864	0
116	1
103	2
524	0
156	1
446	2
819	0
116	1
1150	2
403	0
275	1
1017	2
142	0
345	1
1380	2
413	0
270	1
254	2
125	0
8	1
501	2
401	0
360	1
1	2
524	0
478	1
383	2
1190	0
478	1
149	2
