199	603
554	2919
1470	605
451	302
325	1523
348	886
285	678
31	3305
370	2753
904	597
609	2042
1167	3617
443	2022
685	290
280	1353
898	843
202	3339
762	2602
1111	966
516	376
1369	1940
267	1025
285	944
103	331
77	2861
708	865
540	2934
626	2205
669	850
252	41
904	894
388	3285
258	3349
3	869
425	1008
88	432
784	367
28	1832
369	1641
558	1431
545	163
1299	3666
74	414
762	2972
3	716
421	3560
334	2493
377	1309
754	277
894	40
34	2226
713	1290
331	635
695	664
1574	33
31	2198
740	602
434	978
535	33
961	1012
1058	215
864	141
416	1165
370	2159
172	1311
5	468
377	2308
1193	2197
961	700
258	1789
77	1716
708	949
355	3526
1226	302
401	889
719	1067
353	665
165	33
475	806
904	3718
609	1125
1180	2613
438	3016
277	34
262	1087
302	2694
385	1017
558	1120
258	1834
115	1842
203	553
654	2958
190	2359
1429	870
247	489
613	3019
73	1831
426	1111
252	3592
762	3607
609	2784
252	354
1319	2079
1193	2032
173	137
29	1776
1090	1392
1335	1063
388	1778
806	3373
1466	136
385	2130
1100	281
258	1545
5	2818
385	405
117	1207
1159	2830
164	3599
1016	115
660	2094
252	3626
814	2353
1499	948
44	857
558	3422
386	2554
1375	342
386	1038
336	2187
388	1405
1531	1436
385	190
642	303
40	3415
155	485
39	2294
819	1904
39	286
884	1436
302	1238
3	1807
339	833
635	319
434	2256
242	203
1149	2234
1262	2544
217	323
633	1836
690	1729
977	948
959	918
832	2499
115	2359
228	2320
1059	1909
407	1440
1561	116
456	1995
97	399
936	830
3	1679
1342	1605
896	689
307	1342
762	529
385	305
386	3018
3	887
1227	3079
5	293
998	1349
320	2137
77	1968
1533	378
671	674
1012	394
892	723
91	642
762	3246
1207	787
4	1728
348	214
1287	925
1181	3188
848	180
1185	2856
425	424
23	1074
995	2886
5	102
118	1867
109	23
694	265
624	3627
86	1754
956	1706
859	694
491	110
29	3763
241	346
113	1895
1154	1226
115	1392
713	2635
285	2293
877	1449
1430	367
880	2780
252	754
252	2606
88	337
617	201
347	2028
217	1556
1098	830
77	3453
711	433
690	3603
285	1246
382	1628
258	1066
91	3005
168	552
1102	2632
1396	31
1308	753
911	924
1528	871
293	551
66	693
1195	2509
252	477
558	2059
516	2325
609	447
1260	1436
763	341
584	508
1241	1553
1085	2549
348	2045
975	668
115	471
641	3134
252	2014
1127	2023
36	2974
396	1296
651	1970
388	175
1093	1534
812	135
323	1359
228	947
396	451
962	267
1133	2275
40	1965
173	1910
310	1341
100	2154
959	1302
814	916
1061	1651
678	2384
285	328
219	85
145	698
252	3029
655	3001
1151	1084
1016	208
385	3577
1267	2409
1043	1087
40	1910
40	21
117	2636
435	1765
1282	736
252	3100
489	126
100	594
646	1755
558	389
285	728
627	1670
1367	296
563	436
166	1095
198	1762
386	2354
717	43
1376	603
494	3538
166	431
560	3117
103	188
624	254
591	1537
421	1999
372	187
609	2536
370	991
285	215
258	3011
115	2300
3	3584
703	655
1101	2805
1458	698
877	823
115	12
3	842
350	1851
540	29
166	2495
558	103
499	1674
558	2407
348	178
1187	847
115	1546
655	1632
560	1901
452	1258
203	1995
814	1346
1272	246
685	1230
109	1766
147	1366
48	2051
247	415
726	2841
540	2969
39	322
429	784
877	3666
1009	3022
56	75
258	2467
421	1376
385	187
743	965
285	3816
251	921
173	2542
31	491
609	2375
252	2557
731	1682
385	316
703	238
838	2002
531	55
205	820
414	2753
1006	753
1028	2646
123	2685
77	2982
603	161
252	1581
540	2935
219	1915
1506	439
556	3336
858	2760
1536	180
85	410
31	2787
302	1074
1044	1205
720	540
3	130
285	78
1077	843
553	871
1493	1963
1498	3344
252	1903
115	3264
898	2635
622	388
516	230
1321	184
1540	1992
14	1169
247	3249
166	1837
39	1231
372	920
609	3251
113	1405
884	1470
234	252
258	592
77	2362
97	1916
806	3494
252	3660
307	3078
429	734
82	1120
0	1363
1095	2602
128	78
262	3321
429	33
79	1557
285	947
474	636
5	1024
1369	1155
516	599
600	1197
206	1296
557	1831
147	3409
727	3006
252	602
348	643
164	1046
558	216
1539	1322
31	2526
2	428
113	25
393	2429
31	3415
623	276
991	3611
762	222
28	748
645	1733
1399	884
762	3166
271	716
663	342
1071	856
247	3582
814	3440
22	932
560	2685
5	3254
114	2571
1016	43
814	442
234	892
195	1588
257	915
677	1894
433	835
1272	1350
369	1910
85	103
115	1534
669	2651
303	648
234	2393
451	1547
323	1076
234	3104
1463	693
77	2353
539	812
438	2475
655	3106
228	3253
33	3634
34	684
169	360
1323	3495
690	1984
1114	329
1262	770
247	2372
87	1129
77	2804
338	430
114	3307
134	1878
385	208
762	2457
18	1632
1023	1271
603	3035
310	2381
305	155
77	545
39	2049
814	597
284	2970
166	1036
126	2079
1163	3344
5	285
1129	774
894	1531
1247	718
31	2151
505	61
326	430
495	135
18	464
316	46
316	763
911	3053
258	2366
38	267
1219	549
143	3246
557	1109
103	864
206	1852
1156	2033
326	1609
1536	1333
684	1035
115	3441
355	970
907	1029
57	1230
468	2599
115	2948
239	229
1054	508
252	2430
656	1635
651	3383
369	995
29	286
314	1553
52	889
1008	216
624	529
429	2748
823	2343
638	1494
252	2059
563	1516
120	335
1023	875
388	2608
578	629
655	3582
287	3206
615	2573
1055	1550
2	594
350	497
655	2449
378	194
742	522
361	675
1262	276
285	3116
1556	1379
1455	2421
262	533
34	3416
560	2511
1011	810
252	2508
621	957
3	3010
635	271
86	3232
1285	2709
660	2832
713	1336
903	1367
1379	2724
959	856
517	2677
126	963
973	1860
1011	1174
878	100
101	724
217	3398
108	89
252	1087
358	968
1237	768
415	548
1195	405
1199	214
448	2239
1174	2739
863	3623
845	3021
178	1367
1094	1106
558	768
865	3770
558	277
694	1815
481	1917
285	1592
899	588
169	1780
655	1361
456	167
572	1496
14	802
252	1612
5	1425
719	139
239	428
1377	191
710	973
274	2713
203	453
588	920
333	1406
1497	830
77	3120
1039	3218
1322	1675
113	3127
815	1142
277	3100
1133	1186
1222	20
1446	2998
502	1350
385	501
5	503
1103	949
643	2060
823	119
44	2047
672	2857
766	1670
3	623
385	2872
505	677
946	466
1037	864
827	526
200	2137
558	1715
894	857
786	1975
1022	1314
977	860
1112	34
596	2570
350	180
1489	341
1068	3226
695	52
1112	1178
876	1943
338	856
451	2858
89	2164
1069	553
1563	1120
269	241
334	3179
762	1716
609	972
128	727
531	1108
162	1808
166	277
898	105
115	1090
1369	502
187	1762
429	2123
448	681
252	2740
252	2153
247	18
103	1350
293	1842
806	536
421	1843
1061	2627
163	350
65	2174
115	308
932	2704
1398	373
1136	1601
4	263
467	3461
719	310
460	164
255	465
100	3646
40	365
556	827
599	117
556	2404
239	2579
421	2654
234	263
1	14
1032	2117
285	2731
1032	2382
3	2579
451	2400
435	1026
115	871
1277	1095
891	3701
543	2885
302	854
548	1556
285	1504
522	1264
638	2286
285	1532
690	428
113	334
348	1149
456	3334
378	65
624	995
21	2236
187	676
1032	1022
187	3235
1149	271
77	909
516	1987
429	1435
385	3206
161	1738
452	1961
609	1780
1389	1980
939	38
285	1556
961	1926
527	3447
1256	367
605	2969
385	1171
239	2954
516	653
1019	1505
91	1001
572	1320
704	1355
1084	206
946	731
531	799
192	810
115	433
998	43
922	947
489	3337
97	194
1157	959
85	1217
1320	152
690	2364
291	3461
5	139
913	3449
344	376
97	684
125	2223
678	498
331	988
1207	308
77	1141
877	978
1072	976
475	452
239	1973
5	2171
323	498
515	343
155	1168
396	2137
285	457
31	2182
530	2914
522	728
945	1108
888	2230
506	2159
29	1571
874	969
1325	1256
2	2701
369	2382
904	2244
1462	1063
323	719
370	1775
898	2051
377	2072
1470	596
1112	0
252	227
3	3385
962	647
128	1020
163	2422
239	2046
162	3478
451	1637
1235	588
1000	2281
258	3207
577	2526
217	303
811	580
115	26
21	3545
47	1089
1061	670
252	153
949	151
358	1642
764	48
65	718
299	1147
1402	690
558	3792
31	1045
1220	1163
609	1189
91	64
678	2615
684	1106
147	206
85	3175
1142	40
258	1223
588	3215
285	3008
3	586
100	953
456	688
258	870
671	1288
516	954
66	130
266	3108
87	3179
77	1172
22	1654
285	734
179	1190
285	2740
1107	1549
1097	468
490	1695
678	698
388	2077
388	3070
252	1504
115	1878
252	1349
3	2550
100	2935
238	437
196	810
5	1781
891	2241
3	219
14	94
671	2401
222	471
642	10
115	598
217	247
86	3747
424	1696
187	1700
1295	247
1220	812
1022	1443
135	364
393	1190
77	2224
1505	2749
247	335
187	1405
77	540
252	346
183	1438
388	1722
516	3163
425	32
34	2889
33	2417
342	1328
247	520
559	947
5	228
21	700
1211	1539
558	352
988	2863
361	1782
129	3382
219	2264
560	3245
1195	497
451	1845
625	142
810	1007
746	2164
1163	1325
77	947
65	1960
624	228
762	2982
845	2351
655	563
115	178
126	1441
912	381
887	480
256	3525
494	443
182	880
369	2746
975	129
310	3027
739	1799
258	268
1368	1971
369	975
1186	2074
910	830
1124	847
243	3357
674	1321
1292	2242
679	2085
336	2912
31	2103
44	514
173	2444
247	1247
799	127
1113	2106
217	836
1560	2421
1181	503
258	3487
248	489
872	1014
516	2118
167	2414
370	840
1149	698
48	3015
31	1358
814	588
589	1509
758	2505
285	3468
1553	271
1323	712
51	1410
70	3587
572	234
307	53
496	258
582	2857
1010	1462
640	625
388	961
375	2172
811	1622
560	2547
708	246
342	2594
1065	1920
115	2157
806	2502
678	1040
385	2486
671	83
609	553
393	1216
762	724
756	450
85	3214
150	1920
247	1260
126	641
285	1944
3	3717
386	1163
1554	1716
713	18
3	2526
690	1765
898	1896
531	2189
114	1951
429	3765
77	103
1384	18
392	812
5	3814
455	1316
262	102
5	1815
1378	708
51	995
420	595
678	2169
1151	208
57	1728
49	397
385	2307
115	3416
270	1675
467	501
642	2927
115	505
558	516
762	897
624	1787
778	120
114	674
3	889
512	226
255	3122
97	2862
252	3059
391	331
762	714
762	2974
14	1339
544	884
1065	693
704	694
317	2317
47	1133
200	1813
331	1007
727	1638
427	99
1035	3179
258	586
762	1240
369	71
70	229
475	1809
440	1007
1207	830
115	2130
147	2472
433	155
5	583
126	3490
97	1527
647	1410
960	82
81	583
898	2363
814	1113
54	609
680	3133
2	2214
1296	1241
252	165
674	1139
31	114
1170	1129
624	281
703	3198
285	39
351	1850
877	3008
1202	1658
678	3457
845	647
302	26
1221	711
323	692
285	664
325	2731
986	335
77	1165
54	1189
113	219
252	2477
863	2912
166	1926
884	323
5	36
228	615
228	1139
388	551
1038	263
234	87
1211	732
97	1457
115	1179
14	3437
898	436
164	2202
217	3153
224	475
217	492
677	1629
451	1255
5	421
39	3612
1137	2016
85	76
456	1403
1475	2357
567	1951
44	623
85	2256
831	1761
100	1291
1512	2231
234	114
655	873
77	849
238	75
222	3258
911	580
1038	1139
5	1089
964	2222
209	835
763	412
215	97
690	2420
678	1027
285	580
609	586
355	3403
781	187
904	1703
210	503
1247	2605
1	400
773	1983
385	1002
234	3144
573	3459
578	255
678	2189
1069	216
5	246
77	2030
316	2245
421	3504
366	1630
258	1881
3	1952
252	2077
115	2318
29	972
1125	46
975	1901
588	279
263	453
285	2927
269	1963
115	136
181	766
252	628
847	1190
302	1397
995	1204
97	2629
385	1613
629	1131
1022	994
1121	1169
877	708
421	2059
210	2053
655	1595
955	279
77	926
955	347
911	513
178	909
326	2227
898	1677
539	2635
1112	732
1410	1542
1326	152
597	2679
285	360
624	602
44	3061
134	1126
166	1356
615	553
153	530
716	3354
187	793
5	2192
71	2968
270	916
385	980
134	1197
115	1824
31	498
219	1980
506	258
1192	1770
173	2094
891	1125
949	2208
1084	935
262	1889
387	2083
845	495
202	1843
49	1311
799	2513
391	1455
262	1259
678	940
217	2080
91	2073
891	868
385	2768
309	1665
166	1520
187	2798
452	630
961	1733
1068	1385
302	3728
1294	1116
745	245
22	1470
137	2758
1056	1707
643	1007
461	1516
918	217
386	2109
263	3581
948	53
1137	1089
695	732
557	2013
1202	1830
285	1708
87	242
315	859
1088	528
864	302
5	725
858	2160
762	3088
323	3754
91	1340
220	430
89	1138
745	962
197	226
227	1353
202	2924
435	489
1385	446
287	3581
297	1196
527	3135
1115	192
115	465
1418	43
1219	54
678	1047
448	1936
252	441
126	1782
689	1344
762	273
139	1622
205	925
40	376
1152	948
898	2979
1345	1040
53	1227
252	394
767	1064
1548	2195
1017	2114
103	689
1056	9
540	441
857	3425
285	108
77	1960
331	1142
239	1272
892	543
110	1848
609	3717
162	3609
142	1163
141	1666
1109	2384
3	2401
1243	1091
1010	3438
94	2341
217	3447
1299	312
29	1397
323	1043
3	1705
97	2914
77	1296
285	2665
28	458
1039	874
331	2069
516	1137
485	795
695	1443
252	1237
1356	594
1115	1173
977	530
289	1913
1538	194
118	1332
36	672
114	2237
911	3346
894	1234
456	1311
385	134
262	2445
1180	2272
708	73
103	1273
898	1386
77	188
805	43
427	1206
150	2554
3	318
796	2745
258	1893
716	2593
86	2431
115	233
388	2729
806	2332
3	2491
367	99
995	2701
109	764
87	754
1441	618
918	3042
323	3553
328	515
107	311
1082	797
3	3749
385	2026
239	566
961	346
370	687
291	465
791	2590
695	132
1285	90
238	1703
848	342
290	912
285	719
20	1424
560	208
187	2422
864	103
659	948
1384	815
1006	952
115	2715
1	1308
29	3731
3	1437
1441	468
959	3606
386	587
228	1201
194	75
1000	246
385	1311
1417	341
293	594
1375	140
331	1381
5	2809
1041	717
369	687
1247	2346
468	1372
205	331
91	1987
919	1939
252	1534
97	280
293	552
601	1126
558	458
976	621
410	63
822	61
843	2009
132	762
746	3630
759	2629
217	880
1338	2936
262	2502
746	134
187	1555
452	610
323	2497
166	1445
342	3495
372	2197
425	2996
77	1456
455	1152
221	152
904	1674
671	126
52	453
210	3057
217	498
588	1149
695	707
77	652
1052	1501
609	1204
1107	1024
391	2226
350	1599
85	3137
806	2466
343	18
684	640
5	215
758	59
531	3608
1088	376
1412	34
553	2520
326	1140
219	1133
558	2726
109	152
1059	1253
31	1535
995	2096
307	147
1126	248
285	1541
543	941
114	1971
284	271
787	2577
851	1048
166	2524
326	2873
100	551
717	2233
627	976
1261	2940
440	957
1457	73
3	2274
719	1033
1276	2753
398	2740
187	235
303	3332
845	1235
1062	830
316	2104
551	378
1008	871
179	798
1523	2878
784	470
1306	1770
100	431
819	173
418	188
113	2178
680	2855
1170	373
518	61
262	1739
1124	594
258	1999
834	261
262	1775
3	1179
68	180
558	3504
347	3541
89	1588
39	1842
516	1790
421	2138
358	1256
285	462
39	161
1134	2160
1180	3229
684	731
1037	1599
898	537
1498	1916
541	2454
109	9
490	1370
34	479
383	2629
91	2763
234	2288
895	0
70	3292
429	2558
115	1751
516	1437
1088	515
1005	2623
1011	1906
553	523
622	724
1572	2084
337	1393
5	862
1070	33
516	1156
77	830
285	3089
603	1267
285	1632
715	573
522	2771
3	2817
579	225
539	203
995	1309
810	2215
1129	210
814	1800
1490	1971
306	178
85	2744
762	3686
670	864
1321	2770
109	3492
831	200
694	2093
1201	1608
774	2883
1090	2862
558	3477
724	340
100	2359
543	2291
252	257
5	1601
558	2183
326	866
445	387
263	2592
258	1165
959	34
1534	732
1121	482
425	3572
109	1145
258	3166
1450	263
370	1453
350	208
953	2720
234	1711
100	2255
1303	453
1003	263
117	573
762	2796
383	681
1066	725
1367	2139
920	346
70	2369
1266	364
115	517
664	629
1348	583
316	3646
234	1107
103	462
962	2405
1072	983
690	1669
519	957
355	2119
750	2649
140	1921
310	1115
591	644
1332	2457
215	1375
336	3811
393	776
543	1107
684	2157
1056	1049
217	2029
338	332
1285	513
3	1174
1159	1654
361	1227
388	3097
348	1048
113	1757
1062	668
1052	10
762	1799
31	485
609	2593
369	627
293	315
31	452
448	142
845	2711
616	450
355	753
407	2084
86	823
703	262
865	324
312	3011
372	1037
1470	1439
3	2951
710	165
372	708
385	676
66	1494
1307	3267
63	28
381	1609
85	2800
1256	219
388	1728
172	2360
972	981
326	2063
966	1104
456	93
176	674
1155	1537
210	840
217	1324
1369	1259
385	3732
284	894
77	1262
39	2043
674	3143
1098	554
173	3295
285	141
727	156
448	92
806	1602
386	1690
359	2998
388	3797
115	316
553	281
516	30
387	1227
386	1382
370	119
911	547
215	1385
713	2231
2	3108
285	187
385	1222
293	3311
558	1362
995	2598
306	1217
115	3102
1304	541
285	793
448	226
252	1763
396	1220
291	887
206	1141
750	456
1345	2510
217	434
995	690
1111	937
323	1543
1332	391
133	2394
234	825
39	1687
429	436
451	188
39	2913
82	1207
285	161
210	2083
291	40
890	573
898	1150
302	3029
252	3524
784	1084
1561	161
1058	1127
655	615
90	725
1359	671
107	485
609	2094
5	2206
1299	1733
429	588
448	1134
350	857
438	1026
461	216
516	1042
1201	1442
477	513
262	506
776	586
1139	2691
1085	998
326	2409
1399	142
100	1129
1052	1778
302	937
495	675
1481	676
377	1762
29	2531
103	859
252	532
678	3353
1115	96
611	2858
1499	585
141	894
302	771
1071	1167
690	356
202	723
173	2655
806	2173
252	682
115	2326
31	986
388	3644
456	2548
1176	1452
1258	554
247	1046
556	3053
555	858
685	658
385	240
251	376
97	589
5	2912
1369	846
660	134
763	608
858	1517
489	1346
113	1288
5	2045
1032	1807
326	2211
147	2205
262	2818
323	2362
87	3205
388	455
308	1518
814	2340
113	306
36	1141
427	2960
623	793
1056	1168
665	428
754	1662
478	994
1052	2673
898	173
186	913
34	222
475	3728
265	2362
603	1478
239	73
307	1296
1169	489
543	261
356	410
1152	658
1098	247
202	735
239	842
903	1129
77	388
369	397
1381	101
128	2030
113	2497
85	1504
710	957
26	849
290	485
23	1739
678	1930
712	1302
1038	2635
1325	1089
592	1878
293	1569
1498	3285
925	2112
942	1302
87	3443
94	2019
153	3417
927	414
540	1309
372	215
80	1018
73	1775
239	1447
891	967
360	3616
429	631
655	1260
115	3325
1542	428
1022	1449
3	1116
112	1354
762	1123
166	1700
140	3447
977	595
678	2830
678	1046
153	1971
21	2817
835	3016
1322	504
1181	1181
695	1529
103	2016
262	867
1459	770
1231	3714
557	1568
895	2347
684	191
704	1856
252	3193
1	428
1442	2252
115	3444
81	679
1440	2486
1316	1111
418	2215
222	400
66	271
558	2070
198	229
5	1974
852	3466
3	3111
455	241
85	25
609	2039
31	378
623	1550
320	425
762	120
34	3146
998	2527
719	216
3	1993
1535	1085
126	510
443	1662
348	2000
1146	702
745	648
388	903
1119	1953
1227	198
1112	1556
904	3358
115	565
522	2092
436	235
134	2651
32	783
597	465
5	1611
217	2971
761	1801
351	2581
447	1696
252	3813
1043	219
955	1312
140	1340
77	449
77	1043
269	77
600	367
210	1695
684	2961
234	1878
651	2932
375	447
558	2446
284	2407
697	2189
912	3552
178	2737
930	92
173	2566
166	794
261	2647
969	3359
397	1111
217	3083
202	2635
845	2990
66	2730
806	3125
609	1991
1182	2095
655	952
107	918
148	73
904	530
482	2287
1084	364
323	1319
173	390
187	954
1234	125
385	1218
543	781
1059	2313
241	2441
115	1796
728	319
316	258
71	1935
716	2739
77	1038
228	276
100	2003
103	2629
378	1627
150	59
214	1358
448	63
1305	1353
347	1035
115	2138
1112	2497
14	3321
31	3414
374	689
576	782
187	1963
247	104
91	2184
87	3050
3	2796
115	527
121	292
252	2008
269	808
215	435
1306	146
1119	2174
285	1835
206	3755
228	1178
620	3273
1059	102
248	1623
388	47
386	393
114	949
45	2309
298	3481
1159	215
350	1688
201	241
44	1528
262	1803
252	757
1313	1566
372	986
166	2241
217	1466
1219	2811
539	787
690	2158
285	895
1504	178
5	181
385	1343
32	1985
611	2403
233	1834
772	2114
524	102
392	820
371	3488
252	3559
287	2259
5	276
877	3649
29	3146
836	615
85	238
606	1
673	836
947	3790
82	554
54	1276
624	549
421	1750
386	3330
995	106
1561	2275
272	770
77	1841
293	1079
1400	2985
337	380
845	3037
247	2496
995	2261
558	3518
502	605
388	1488
252	3447
1336	391
436	486
114	694
115	2884
187	533
285	1719
1	1084
558	1691
86	1072
628	701
1016	830
643	546
961	533
103	2882
634	3042
252	202
336	3044
1230	1050
312	2763
126	3131
5	1564
818	117
252	146
252	2816
1280	116
442	239
452	1222
687	721
788	3004
1129	1243
272	497
243	234
731	401
1114	1912
831	2921
845	3034
262	927
241	1693
607	1073
385	576
350	2242
262	2220
540	889
85	1070
40	3438
875	1704
899	391
429	2289
1195	2351
350	1321
204	918
209	1886
701	2062
531	2926
40	34
662	1792
31	1973
247	1187
206	1043
1392	289
1080	2078
443	818
973	851
203	193
162	584
166	954
937	1611
5	987
385	268
845	3114
845	922
342	142
948	1617
677	3175
126	544
628	18
294	235
1039	31
97	1898
250	1971
481	298
103	1751
388	454
877	1308
456	73
549	957
3	1353
5	1839
671	1307
103	1811
1333	2148
1191	99
100	1072
0	1348
258	2124
187	3459
838	2886
40	980
52	2000
678	177
706	1682
47	155
399	800
3	2377
252	42
678	1320
959	745
443	509
285	984
97	1115
88	628
34	276
3	1743
461	3040
372	429
2	92
556	586
795	1935
388	2852
686	2463
116	146
115	146
609	187
292	3065
990	253
613	3224
249	319
448	1853
63	3344
205	70
280	1054
252	1766
657	1789
643	2662
3	881
302	296
258	2753
293	2997
1243	2177
671	115
389	239
40	2022
4	580
832	240
897	770
800	93
674	367
31	370
77	1590
429	178
355	1841
556	1035
252	2024
335	2994
113	3622
206	498
252	118
597	2166
1060	1587
342	681
307	1910
414	1079
726	259
615	2225
87	2291
468	607
653	1164
252	1430
973	3371
385	1326
369	783
113	2935
331	1361
429	2414
127	514
868	3109
597	2033
248	770
166	1023
643	2751
1180	1909
1384	1534
336	1204
801	1380
690	1154
898	591
252	1210
995	1041
456	408
385	1270
227	1695
760	2387
996	100
115	1670
173	3057
228	1135
196	2473
762	239
911	134
724	1676
33	672
898	246
558	765
252	2181
608	1680
694	1329
262	2731
678	675
680	1496
355	2447
1317	1433
357	1018
961	715
372	1983
1071	2079
115	2761
53	73
77	2187
3	2215
1042	2206
1482	830
185	188
1038	1768
310	872
74	2362
164	1129
801	440
678	2059
574	1393
1179	468
655	939
284	30
252	850
262	3745
97	1503
21	3382
74	38
115	1617
284	2215
1389	486
162	3640
140	342
239	518
1132	962
77	1616
187	631
1084	2016
109	180
1441	2504
306	1044
421	1773
418	2175
302	518
724	3607
603	1553
258	3569
195	1797
1292	1923
243	513
1380	63
258	2386
86	1998
761	3143
1242	220
26	217
654	2011
77	425
1044	2236
892	2069
971	3453
720	2871
299	2458
91	259
287	1823
643	1133
904	642
103	566
348	2098
58	1069
5	615
385	2996
85	3410
747	627
708	276
624	2655
292	101
385	654
302	466
285	21
1329	656
48	3164
173	634
118	1470
540	851
217	2371
77	2856
39	270
678	836
187	3777
475	2173
338	1556
254	2130
5	888
421	694
3	316
448	1494
1022	12
1100	1314
222	219
390	1020
315	2591
87	2798
293	2412
430	714
31	656
461	2336
475	872
258	397
202	796
558	1344
890	2189
196	128
103	495
252	1719
472	1564
366	2135
114	1552
1041	2584
1154	419
385	1341
603	674
326	843
669	930
468	963
153	2804
247	1410
258	810
624	722
1061	894
429	1838
203	502
70	1930
252	934
678	3250
1544	1331
385	88
39	186
1078	114
5	3327
1052	975
1161	3125
160	1528
47	918
717	992
1071	676
820	1544
197	3017
703	208
89	2464
87	2673
502	1662
385	1921
730	1622
831	1379
1508	120
539	780
385	751
678	1149
333	246
324	439
372	3509
828	772
291	580
688	847
369	281
358	3449
1256	846
534	1725
1259	3583
678	2293
762	2331
1082	211
489	416
891	3161
285	2177
426	3035
719	710
558	3636
432	719
897	405
316	367
385	694
484	473
884	2731
40	2355
252	1424
1554	199
122	1544
13	1694
99	1057
414	1590
790	179
575	1804
336	2720
140	209
365	1363
1518	675
318	2852
814	1900
312	399
909	1303
214	587
421	421
611	1134
1101	698
678	1935
865	2599
22	63
814	1347
252	822
247	3309
1169	428
516	3390
126	466
499	2971
187	1681
456	2633
1309	1755
412	99
103	1891
385	3406
690	2531
386	327
285	1571
678	440
543	1433
673	1100
678	393
703	430
91	1816
655	2732
540	1392
558	1288
39	211
235	1974
252	359
831	807
661	701
387	1311
801	554
5	3695
323	2027
183	155
799	2901
186	1391
489	1254
877	2484
877	805
126	2478
758	3247
589	1165
288	847
8	2788
5	3121
519	214
1538	276
756	335
372	2850
1346	3792
762	3690
1095	2514
239	1824
762	951
995	2750
414	2982
252	223
678	3207
31	2213
1227	2197
1035	3078
91	1737
991	3255
355	217
677	1113
898	3765
252	643
20	2440
258	2702
904	2677
1049	253
762	1296
558	921
113	1971
109	1273
4	570
326	1571
252	2118
1044	1302
172	809
778	2046
388	1970
378	2214
90	335
609	486
831	2033
831	3210
948	155
141	1078
516	1154
29	3520
541	281
513	1813
256	1535
115	439
643	1149
18	718
651	2115
252	70
1247	3261
456	590
898	1420
311	3446
77	3689
516	1436
288	281
751	2556
334	1674
217	2115
447	1307
1337	3051
426	1426
1292	3355
252	137
582	1613
247	2023
222	1127
1158	560
262	1264
86	1071
516	1177
48	78
556	340
1417	2811
1008	1656
1042	2722
806	325
241	378
868	1370
162	2396
958	223
257	886
115	1121
705	459
21	46
173	766
316	2836
97	2495
467	252
548	770
395	622
973	124
347	1426
690	319
224	2025
388	3474
28	2475
341	1205
273	3718
97	241
235	2281
252	3104
241	1757
1022	665
285	240
228	3159
316	3543
1368	1217
351	957
1089	2434
110	408
762	1443
115	3417
1071	733
269	2239
355	978
287	277
285	3576
1341	1319
913	2700
1510	258
316	2499
285	2818
611	2242
115	2374
1336	2600
258	1361
1011	1422
556	2364
370	2974
348	235
77	75
414	1884
862	541
1009	1135
774	1760
5	121
169	1009
226	700
385	649
173	623
85	598
516	3304
1118	1447
1071	1221
115	1668
929	959
1059	491
516	957
904	2615
942	2736
372	2036
678	484
1273	1668
323	381
835	428
647	392
877	416
269	486
120	2808
245	981
1373	798
557	3074
310	1697
189	505
845	292
624	1509
1217	1235
1111	1706
132	235
516	766
374	957
429	1003
609	301
316	920
393	857
609	1535
971	1052
1280	2555
940	126
206	2179
285	1735
690	974
609	3691
285	3002
86	18
109	3279
115	1059
285	429
1209	1352
624	2289
115	2086
678	1733
154	859
65	3774
109	911
403	451
137	22
48	92
1496	1113
372	974
147	1033
364	868
252	971
115	2476
1001	429
425	2201
603	101
745	2195
1461	1097
3	2789
1295	1611
995	2997
85	275
385	864
385	2165
560	1453
5	2151
1443	594
386	1502
1011	2573
170	1322
108	2077
388	1580
231	2475
1090	1489
388	1696
775	98
802	3217
342	9
516	2116
167	418
633	1089
166	3391
5	604
516	791
1493	1049
1022	1131
447	2215
228	79
310	1728
369	2665
1438	33
941	495
119	140
1086	2950
1150	341
120	630
1294	116
1394	1689
77	627
481	1662
425	303
1087	449
5	1790
999	341
939	3072
522	2220
1085	553
1451	1405
31	2259
77	3226
497	2130
187	2870
1050	79
44	834
258	420
369	302
205	1926
467	897
204	1542
1288	1803
252	2311
907	2828
78	1133
179	2814
262	3037
107	1108
1025	3809
674	1781
312	554
1098	1073
252	824
252	1447
115	2208
714	899
3	249
1311	3244
554	2640
578	2617
440	1111
258	753
234	1375
558	569
480	153
531	3538
831	472
302	2163
820	1501
328	1235
868	3667
1526	1246
181	609
86	386
162	1146
1031	276
1327	1305
326	2922
1032	428
708	3769
742	3741
527	2160
1021	2946
122	1350
543	1108
623	254
173	97
671	1111
555	2351
234	487
206	1146
186	2385
369	3100
5	573
430	2481
624	1321
988	1356
385	2871
219	878
1349	2281
157	466
348	1719
108	31
522	1812
192	2434
114	587
262	1872
421	2590
1170	2556
847	1718
471	2029
678	261
44	3346
115	106
385	839
923	2241
895	2584
1441	1169
39	3463
690	1305
85	3378
819	1562
1181	1812
309	3221
949	927
427	1347
762	770
31	1138
217	8
1227	75
228	1388
252	2224
111	180
100	920
1175	687
561	2869
877	248
350	3421
755	783
372	246
508	3410
611	811
77	2178
718	1159
1172	116
1313	1002
1115	107
557	1043
134	2811
187	3137
596	664
3	2554
115	153
258	508
1456	3206
995	498
51	2105
91	1189
252	1311
386	3244
173	2275
326	2980
358	2876
103	85
912	1881
429	899
310	113
690	1750
164	774
955	1288
665	1300
3	2243
404	855
1011	2642
20	2072
401	2443
8	1375
475	505
247	2877
516	2657
113	2209
5	2477
578	1089
3	2557
558	2642
3	3267
258	738
1516	598
89	2483
1158	2054
325	502
729	725
269	1582
1115	1590
1369	211
612	144
3	793
927	134
34	1209
678	3780
252	1369
115	23
252	1466
873	3575
54	2046
370	1695
1171	3584
1084	524
32	1287
329	310
972	2673
323	1399
73	397
833	739
60	2586
115	475
34	449
325	2343
620	75
631	1129
1074	400
262	3267
456	770
898	925
655	2882
338	1554
730	3166
115	2547
655	779
1374	745
624	450
690	1688
926	1137
1045	835
1450	116
284	97
323	1652
114	329
374	1971
1399	854
875	440
373	1179
1437	502
1004	3199
27	3731
338	2231
1002	303
531	426
247	3168
135	646
557	387
654	3450
936	491
177	393
33	1154
877	404
258	140
616	712
115	634
77	3434
73	350
3	3041
1097	2120
438	1448
991	3367
173	1167
140	859
100	424
1025	1862
839	116
694	1238
222	2397
540	2923
1442	498
1069	2452
1391	440
115	884
0	2000
115	1296
1255	245
1038	396
1220	386
234	1614
323	3077
1532	1642
1161	3252
1113	2811
403	2937
97	1555
1337	1002
1095	2148
801	743
1158	930
1035	447
285	1538
963	622
1522	1075
54	428
866	2874
187	1190
70	394
409	204
14	2932
110	196
252	2163
1066	757
228	1953
448	793
114	584
1208	248
169	2137
370	2936
48	1765
665	258
995	1777
904	1083
1108	1154
518	226
171	865
258	1243
1049	502
97	2108
690	1011
351	78
113	1859
226	1442
531	2215
247	3490
674	1840
1002	1475
21	882
32	410
77	1392
700	181
166	393
252	18
1344	622
262	2699
1049	1716
1220	334
766	1089
468	1447
103	2877
150	2711
3	344
1120	14
113	1006
840	263
31	1961
1248	116
77	345
1071	1844
252	2478
115	1486
164	2478
115	609
582	2944
678	608
275	2057
1098	1141
108	2470
183	2988
558	2912
145	442
763	75
248	3714
77	1041
1421	3527
307	1860
658	2255
265	2531
612	1324
327	680
1015	2389
18	1335
122	97
443	1537
692	2556
514	1373
540	1242
1021	737
831	767
150	157
205	983
609	2657
442	1674
385	3396
217	3587
1124	1766
252	1578
338	2296
5	158
1188	1024
556	1235
85	102
1115	1037
1243	2098
719	683
589	458
115	860
213	3137
1447	474
497	3410
77	1054
534	830
819	3263
114	1619
1534	1570
834	761
29	179
115	3578
126	3474
39	1459
210	381
485	262
1212	675
358	349
1559	2474
31	1450
320	2334
388	1348
85	2719
967	505
427	83
1555	134
1267	124
217	1444
252	3137
952	926
648	394
87	3001
774	2561
293	1623
1364	310
387	3086
31	2226
1249	1282
126	1432
1060	1971
624	1082
429	2069
560	57
609	1364
370	1082
348	410
109	827
285	1702
75	2715
3	649
603	783
1470	276
1084	2312
978	3447
29	553
771	1050
85	500
54	3464
470	1606
643	935
1071	1564
713	30
678	2740
312	2123
166	2473
575	949
103	1025
591	1494
845	130
196	833
39	1756
134	3023
1174	194
5	265
3	199
859	88
4	274
350	2474
451	1562
558	163
370	857
762	3538
1369	1201
973	269
448	725
1163	2607
806	3641
1546	139
348	1349
351	399
655	2641
370	2834
173	2158
97	38
1344	787
684	1245
678	3038
516	1575
1258	1766
543	2614
113	302
372	360
998	1550
285	813
489	450
82	771
1002	1739
323	3193
1470	675
1238	405
234	1018
456	1881
1064	1669
128	2847
267	1104
560	536
1278	926
911	754
814	112
678	3683
891	3180
252	2554
408	3778
832	226
285	2422
1292	1363
1368	655
323	673
503	431
713	844
655	940
615	1470
1369	588
1233	1690
876	495
285	258
708	759
925	238
1568	1405
186	29
293	823
1058	244
103	2152
758	258
729	474
1130	1494
448	1447
418	2659
1361	161
258	3053
531	2195
1403	2251
1158	141
790	2168
118	1134
103	3151
728	755
806	2881
1128	109
780	1426
973	2964
323	1040
285	430
655	1150
77	2369
1532	1023
77	1227
31	1322
326	3035
326	216
39	3580
651	834
904	1033
904	3176
643	367
932	398
433	1784
385	235
258	2130
956	763
169	3049
1398	54
895	1361
77	3458
263	135
1088	987
74	3529
247	3103
323	2394
554	281
366	1428
1021	1377
1039	185
796	253
100	1919
1262	1319
784	292
450	279
727	809
844	2084
643	45
531	3563
1180	464
14	689
228	33
219	3156
806	1009
1041	245
302	1189
334	798
217	978
532	1294
66	3236
113	39
3	961
97	2353
448	2724
420	2500
205	634
809	720
1552	2603
439	630
31	56
252	2490
964	1534
77	3360
1026	1947
560	261
898	1259
1455	234
285	2405
1441	3092
444	995
172	1757
263	2298
100	1894
115	680
558	427
285	1975
1135	3485
414	1015
1063	385
386	3697
806	3186
671	1477
258	1314
44	3420
1505	269
22	1806
34	3038
1397	2634
995	1831
1487	333
610	732
729	1221
471	1493
358	317
429	2761
1234	3756
694	2364
197	1107
859	2799
386	258
239	486
1	1907
103	535
642	290
241	246
440	450
543	947
164	3242
39	195
138	240
1374	101
551	246
217	391
458	1932
1038	1190
285	767
421	900
353	1044
3	1977
76	708
969	10
388	653
367	1454
1037	316
456	1237
5	2157
187	127
1477	1454
762	3312
339	1478
1124	2545
350	18
762	1535
302	1222
215	278
3	4
987	844
579	1603
110	1073
443	3701
326	154
1221	1307
477	3220
130	3423
210	1855
831	466
531	2395
960	1087
783	1213
166	2130
75	2384
172	1377
200	130
316	2842
5	2624
735	2558
489	140
252	634
731	3106
516	1174
196	790
1170	569
77	1797
889	1904
470	201
609	317
877	136
274	835
678	167
677	2227
200	980
362	2970
511	1610
3	129
690	1093
877	1429
825	1539
500	21
2	767
999	323
306	1041
543	360
3	2625
1065	176
252	902
77	3699
560	1995
711	20
557	566
1531	1764
258	3152
173	3551
1229	1258
174	1611
247	3675
1461	808
316	810
109	3304
1023	541
3	2715
136	950
298	578
877	2269
651	74
377	155
444	428
817	675
115	1718
215	3719
370	680
370	2424
1067	824
421	1436
531	3403
1401	3772
1180	468
103	2612
1504	922
891	306
109	2822
643	2629
102	1857
278	735
147	1111
842	74
1297	2503
898	199
331	277
187	1172
815	71
26	2472
29	1532
350	2010
252	3363
263	2516
56	2130
100	730
385	1239
35	1045
173	727
113	2301
203	281
44	3094
1260	1007
398	1104
721	2345
234	3446
85	3140
540	3785
1106	486
186	2734
1243	1859
162	3327
147	247
1292	942
540	2583
263	2899
850	1201
464	121
331	1149
1098	358
217	44
1349	965
624	2651
146	1064
1112	1399
135	605
115	403
1403	3375
1158	858
461	459
1024	2103
97	790
252	1153
5	999
316	3416
326	3324
503	292
643	629
674	823
1338	3154
348	2633
936	2555
388	1813
953	245
85	966
789	222
1038	3038
285	1694
123	1816
143	1291
117	2516
1119	878
898	2683
1030	15
77	2863
995	3613
113	2529
580	350
671	116
355	1553
100	2130
233	327
1202	1315
557	213
5	809
173	174
258	1149
754	605
244	2627
348	1986
67	1801
166	298
369	428
1514	96
100	723
684	2287
1245	948
1263	2094
147	1611
20	2150
963	73
1269	1293
840	1964
115	86
44	2632
787	3427
206	3031
5	2379
831	1103
1402	2109
285	2774
921	495
140	144
1072	219
388	430
52	1689
558	3228
358	633
369	242
1366	3267
66	1027
66	797
31	1582
385	121
806	3429
252	918
429	10
1518	391
87	548
1535	1749
574	3035
695	1798
1063	880
898	3545
826	588
379	311
115	3187
660	205
316	1999
206	882
115	823
77	2899
247	797
252	356
14	849
11	342
228	1912
421	1426
558	978
678	2587
907	2364
806	1620
831	3602
877	918
40	38
452	947
674	1141
17	29
78	228
1101	178
258	298
162	253
655	1383
349	1107
784	2267
456	204
319	92
215	543
678	1426
510	2223
247	453
47	253
591	1553
103	1545
995	474
293	3714
977	499
1264	1137
609	2987
31	313
310	428
247	3606
421	58
202	884
930	1844
1034	229
876	2274
459	3332
3	1
247	3355
452	346
322	537
898	640
79	1960
239	1279
210	2780
1154	1288
655	10
1006	513
726	3058
73	957
814	61
83	997
822	677
522	3500
179	3478
516	2192
625	175
1231	625
1177	2256
516	2323
1524	1471
1115	1807
3	63
704	732
690	526
1071	135
59	1857
758	2850
113	440
1169	11
440	594
228	2771
5	1255
65	3052
217	1698
723	1087
166	1607
898	1260
386	333
367	709
350	653
442	185
3	1767
752	924
85	3634
516	127
3	196
905	765
1077	466
1369	1060
54	277
558	2164
699	942
840	1623
14	1173
679	106
1061	1468
252	859
459	2946
1049	109
34	3300
959	2094
840	2141
558	1195
1255	1305
301	1837
845	2778
1158	3279
660	960
609	1137
393	1208
263	2779
391	1953
678	1369
558	71
1418	2643
3	1732
228	1292
1562	708
326	2960
516	1447
891	1172
868	3095
291	999
377	194
572	941
147	428
654	694
3	117
1121	2209
958	1735
1112	3313
252	83
161	3471
941	399
115	962
427	468
551	986
115	1331
316	1192
655	1506
1018	1470
1445	2208
726	573
5	3604
239	1524
1535	921
178	1063
3	2183
1021	163
252	2230
1573	333
262	3091
285	2479
1262	634
358	3568
473	540
217	554
109	725
1198	577
1523	2072
252	3053
247	818
448	729
347	30
47	2495
355	1087
102	675
624	2165
736	3356
1460	725
579	2161
1027	2328
33	341
5	411
33	2154
401	1324
467	565
31	2026
102	808
1387	409
1262	1850
427	3181
762	335
1061	995
364	696
1519	2084
1072	1139
351	391
1495	1023
5	191
678	2316
91	2197
448	163
44	1963
756	3131
166	2705
107	735
1552	1607
3	3168
323	391
115	3521
57	3695
252	2601
285	222
734	1311
840	135
385	3278
203	2672
310	797
385	2003
678	1117
342	857
77	2123
3	3011
355	781
504	3580
487	1935
845	43
20	2488
432	3195
454	3305
347	2639
206	2590
714	1220
1152	1296
115	1652
399	1244
39	2656
285	2130
103	3141
206	314
969	1564
326	377
656	889
448	515
832	78
838	432
173	1116
203	3788
262	1770
370	2483
22	151
1059	267
598	2407
103	1841
708	1611
255	725
903	2195
678	3443
762	103
49	167
713	376
159	2343
281	1405
107	573
684	2676
459	173
1547	2589
421	554
77	766
509	1534
806	1041
678	1177
678	1241
100	1981
572	2457
560	3507
258	2662
280	1591
626	3771
316	2925
438	214
103	2509
167	1611
5	3785
845	1050
334	1541
97	783
429	1536
85	1995
1390	989
365	78
1553	838
721	1278
445	1674
840	2884
434	238
1497	1964
115	406
331	3206
258	722
888	1659
748	1123
247	736
776	3431
1038	10
263	968
1121	802
952	108
252	3337
1255	2444
603	304
97	668
3	2871
429	1291
651	2201
551	1996
293	379
85	516
5	2846
252	1314
558	1115
350	474
540	63
806	2495
77	2010
44	1538
846	1053
113	3457
560	1424
97	2569
285	509
31	1738
108	3814
247	3682
21	1754
31	2955
946	745
34	1736
614	1489
719	36
1061	625
1052	1895
818	3477
206	1405
206	750
206	1968
426	81
421	1571
228	594
516	476
252	2080
197	1220
263	3027
91	327
515	2671
247	3132
429	1956
285	2162
85	1555
589	2890
73	1321
443	3101
678	376
713	1175
643	2320
57	681
712	2635
841	1036
798	391
77	2990
558	217
1149	931
762	1222
1378	2263
655	2475
31	1552
862	256
97	1964
1432	808
1042	3075
31	1506
918	683
690	750
877	975
540	1174
1290	562
1029	2584
206	599
845	1149
62	34
452	2178
47	1823
437	474
239	157
840	2619
385	2951
109	675
1320	2737
115	241
1094	995
326	2929
837	1002
898	3001
859	1823
1174	83
678	18
558	1610
1046	1302
357	3574
1303	3031
228	856
217	951
557	1020
816	414
756	3179
904	1063
1547	428
1181	3346
187	988
840	2878
386	1119
115	3616
252	1936
217	2474
323	1131
511	1625
719	650
326	1256
1430	1322
845	2884
898	1441
115	89
464	1795
1378	2573
869	1003
241	2012
239	1213
995	371
258	2470
472	2302
427	783
39	47
473	160
388	3251
674	2642
995	2030
684	117
524	674
1302	391
655	3011
247	77
126	643
350	2826
456	180
163	981
431	805
285	817
110	2689
128	2230
1345	1752
18	2584
1469	413
219	1081
31	16
162	2307
267	229
624	1212
523	156
421	856
941	2594
806	859
1262	3359
173	489
255	53
802	876
60	2744
162	2035
289	228
186	100
311	3240
764	2534
1229	1045
162	1446
472	2270
429	424
3	414
713	2592
326	1103
348	2346
358	1555
203	2402
1115	2094
252	748
1264	3410
124	867
370	665
28	2148
1489	40
1233	276
900	615
690	782
20	2215
338	3306
115	1433
77	402
655	3792
73	770
103	1244
252	184
1072	672
1377	743
1370	1321
160	1436
1390	127
794	2613
369	2350
680	674
1082	152
162	2107
113	922
686	1672
818	608
358	3016
86	56
342	867
7	1053
135	3242
737	1222
234	29
217	639
194	2724
1484	999
1366	199
877	2345
115	441
97	2811
109	1447
252	134
22	1221
429	787
838	3600
3	1447
443	139
342	834
1009	2720
827	1139
806	1685
1004	328
91	1432
141	1250
940	827
557	129
115	1100
781	195
1546	783
796	71
73	1544
629	1490
1382	797
456	1142
252	2949
624	1936
284	2992
293	537
845	772
31	268
812	757
386	1286
330	886
678	2206
718	1310
955	3363
162	2797
540	1297
1094	1446
1292	1387
302	2723
118	1220
85	2799
1056	292
1132	1087
516	3082
197	240
904	656
5	245
867	1900
342	1339
252	2971
903	1415
550	594
987	2712
1112	1277
385	1447
1547	748
5	1485
388	135
252	3279
265	2904
306	186
369	2539
680	1478
425	1741
1243	643
540	431
1038	3202
187	699
103	1341
1113	96
115	2663
806	3802
128	812
114	3203
368	768
44	2369
5	1708
5	1468
5	441
421	1256
623	2594
421	894
516	604
157	3550
818	1554
91	363
1076	2137
38	675
745	271
293	456
379	1290
115	3479
690	753
39	2059
21	352
699	838
298	753
1248	1561
84	25
758	1690
115	2345
348	43
258	1194
677	1444
252	2237
385	2137
145	495
194	978
1116	2034
325	3452
385	364
115	1005
115	1584
28	842
350	584
427	1041
234	1087
252	868
252	3552
275	587
531	3089
103	1756
1421	1511
1037	2279
5	3086
326	3747
140	1129
690	1470
162	978
472	1287
516	3444
989	3005
350	1699
516	1336
761	63
157	31
258	2365
115	825
5	1132
1112	1455
515	1206
342	2407
995	1258
879	2362
206	1894
998	152
187	2431
609	2527
39	478
135	501
717	139
74	2843
200	1393
228	1999
128	1553
284	943
695	478
1554	1834
450	1447
886	135
1550	1756
179	766
1083	2771
762	707
1255	1716
557	1101
252	1755
258	2528
219	2341
103	2087
44	2870
258	2084
943	641
3	976
252	774
551	647
355	1455
316	3258
941	1006
31	434
103	2429
217	1749
814	1861
388	1749
443	429
302	1170
1010	2393
1524	216
217	3347
57	1757
285	3132
476	1670
126	3282
97	494
285	3106
825	3510
103	3539
85	841
85	3379
91	1335
348	2324
1396	2475
812	1204
1056	1518
115	2369
237	1107
1152	71
544	3025
635	800
845	2986
316	2656
560	3799
302	3717
323	1326
34	1593
1379	1781
655	933
228	1823
1119	185
173	20
217	1571
252	2764
386	292
302	1512
912	832
162	740
202	2300
385	475
350	1276
1533	2203
336	202
480	248
393	3288
128	532
3	214
31	2538
1249	936
114	927
323	2684
678	1848
234	964
516	1950
557	1256
187	460
755	1622
1067	752
862	654
171	259
713	3321
655	708
386	56
281	3
73	141
1	2685
112	3564
916	3148
280	1716
82	674
1112	1642
688	2098
182	981
659	2685
126	484
551	1896
753	2973
807	1158
103	2455
355	2418
760	1117
661	1227
932	3536
456	798
662	258
558	2550
595	640
285	1053
1282	1149
703	2525
285	2318
398	1149
158	699
746	651
999	466
1422	649
657	734
187	47
3	3074
1040	110
365	3536
39	2571
1330	429
51	364
85	146
252	1359
573	1537
97	1593
1059	3568
3	3399
704	428
97	2798
1112	2068
1115	2235
394	1630
518	3577
386	1555
1125	229
147	2677
589	518
1214	2273
1249	2862
1198	89
3	1026
181	2265
302	923
1002	2106
102	644
1413	48
164	759
89	861
531	349
77	3039
228	882
303	2967
1378	672
860	625
85	1074
1345	1963
803	2237
727	2443
430	604
823	341
686	2464
248	725
1446	741
252	1557
540	91
609	1572
1512	377
285	268
1112	2050
678	738
448	1914
429	1588
814	3031
258	3108
374	1169
73	3280
995	947
293	3557
337	606
558	2209
285	1001
338	927
3	1037
669	1709
5	580
100	1071
1098	1525
594	675
369	2132
3	468
678	764
114	1894
589	2269
741	1697
162	2083
522	3289
1181	1654
109	450
338	1293
373	1406
238	376
85	2639
3	40
1292	899
247	3293
427	3102
258	3241
126	114
44	2740
897	2351
100	681
1034	468
372	694
1490	1020
960	1830
651	3676
370	1085
337	1065
77	254
612	261
146	679
1331	397
673	2453
284	3069
590	989
3	3425
430	1045
39	154
31	1655
1058	1967
1249	1781
3	32
655	265
173	1487
239	2236
29	162
196	2311
891	2443
166	1226
502	857
560	1764
101	1084
40	1271
2	1675
425	1744
252	0
147	417
1082	1968
399	2635
1061	1431
589	479
163	106
3	3266
